   0.0000000000000000        9.9999999999999850E-004
   2.3098821518760554E-011   1.2828610509794921E-003
   4.6197643037521109E-011   1.6382221276051029E-003
   6.9296464556281660E-011   2.0824735976972511E-003
   9.2395286075042218E-011   2.6351161856693912E-003
   1.1549410759380278E-010   3.3192012201260150E-003
   1.3859292911256332E-010   4.1617974777032303E-003
   1.6169175063132389E-010   5.1944772930156372E-003
   1.8479057215008444E-010   6.4538119957439537E-003
   2.0788939366884498E-010   7.9818638584091932E-003
   2.3098821518760555E-010   9.8266586555898622E-003
   2.5408703670636610E-010   1.2042619737078115E-002
   2.7718585822512664E-010   1.4690941321619373E-002
   3.0028467974388718E-010   1.7839875670662187E-002
   3.2338350126264778E-010   2.1564906076141397E-002
   3.4648232278140833E-010   2.5948775389545445E-002
   3.6958114430016887E-010   3.1081338346307105E-002
   3.9267996581892942E-010   3.7059205425082863E-002
   4.1577878733768996E-010   4.3985146651010047E-002
   4.3887760885645056E-010   5.1967225818494098E-002
   4.6197643037521110E-010   6.1117639258949613E-002
   4.8507525189397165E-010   7.1551238656658259E-002
   5.0817407341273219E-010   8.3383724607970305E-002
   5.3127289493149274E-010   9.6729506638226714E-002
   5.5437171645025328E-010  0.11169923616190471     
   5.7747053796901382E-010  0.12839703122001891     
   6.0056935948777437E-010  0.14691742547300080     
   6.2366818100653502E-010  0.16734208847546750     
   6.4676700252529556E-010  0.18973637921317937     
   6.6986582404405611E-010  0.21414580964718855     
   6.9296464556281665E-010  0.24059250891143055     
   7.1606346708157720E-010  0.26907179111865082     
   7.3916228860033774E-010  0.29954893969257829     
   7.6226111011909829E-010  0.33195632802173047     
   7.8535993163785883E-010  0.36619099933615534     
   8.0845875315661938E-010  0.40211282745392957     
   8.3155757467537992E-010  0.43954337398030208     
   8.5465639619414046E-010  0.47826554639967961     
   8.7775521771290111E-010  0.51802414522347295     
   9.0085403923166166E-010  0.55852736712849793     
   9.2395286075042220E-010  0.59944930527785600     
   9.4705168226918264E-010  0.64043345845039590     
   9.7015050378794329E-010  0.68109722814903806     
   9.9324932530670394E-010  0.72103734865921043     
   1.0163481468254644E-009  0.75983616040465918     
   1.0394469683442250E-009  0.79706860333337615     
   1.0625457898629855E-009  0.83230977594610989     
   1.0856446113817461E-009  0.86514287841585280     
   1.1087434329005066E-009  0.89516733640143742     
   1.1318422544192672E-009  0.92200688681988840     
   1.1549410759380276E-009  0.94531739895391287     
   1.1780398974567883E-009  0.96479420447252651     
   1.2011387189755487E-009  0.98017871852473415     
   1.2242375404943094E-009  0.99126415094219111     
   1.2473363620130700E-009  0.99790013128602428     
   1.2704351835318305E-009  0.99999610315343224     
   1.2935340050505911E-009  0.99752338064190527     
   1.3166328265693516E-009  0.99051580168943687     
   1.3397316480881122E-009  0.97906895749002876     
   1.3628304696068727E-009  0.96333802251487588     
   1.3859292911256333E-009  0.94353425399822910     
   1.4090281126443937E-009  0.91992027127043841     
   1.4321269341631544E-009  0.89280426237586696     
   1.4552257556819148E-009  0.86253329655782340     
   1.4783245772006755E-009  0.82948594527302211     
   1.5014233987194361E-009  0.79406443060196397     
   1.5245222202381966E-009  0.75668652780969947     
   1.5476210417569572E-009  0.71777744832917090     
   1.5707198632757177E-009  0.67776192090728926     
   1.5938186847944783E-009  0.63705667273871991     
   1.6169175063132388E-009  0.59606349008015713     
   1.6400163278319994E-009  0.55516301029369153     
   1.6631151493507598E-009  0.51470936588552518     
   1.6862139708695205E-009  0.47502576735240787     
   1.7093127923882809E-009  0.43640107700614100     
   1.7324116139070416E-009  0.39908739184345010     
   1.7555104354258022E-009  0.36329862127056428     
   1.7786092569445627E-009  0.32921001620945262     
   1.8017080784633233E-009  0.29695858071985692     
   1.8248068999820838E-009  0.26664427643865762     
   1.8479057215008444E-009  0.23833191428126677     
   1.8710045430196048E-009  0.21205361713157048     
   1.8941033645383653E-009  0.18781173159295378     
   1.9172021860571261E-009  0.16558206599763528     
   1.9403010075758866E-009  0.14531733531273866     
   1.9633998290946470E-009  0.12695070074072540     
   1.9864986506134079E-009  0.11039930199695346     
   2.0095974721321683E-009   9.5567692715654087E-002
   2.0326962936509288E-009   8.2351103435207823E-002
   2.0557951151696892E-009   7.0638471418517618E-002
   2.0788939366884501E-009   6.0315191505966322E-002
   2.1019927582072105E-009   5.1265556689469159E-002
   2.1250915797259709E-009   4.3374870646683293E-002
   2.1481904012447314E-009   3.6531226701921757E-002
   2.1712892227634922E-009   3.0626958311986346E-002
   2.1943880442822527E-009   2.5559775045010429E-002
   2.2174868658010131E-009   2.1233605061087544E-002
   2.2405856873197740E-009   1.7559170334386091E-002
   2.2636845088385344E-009   1.4454324369444955E-002
   2.2867833303572949E-009   1.1844184107962006E-002
   2.3098821518760553E-009   9.6610882858414408E-003
   2.3329809733948162E-009   7.8444138980357549E-003
   2.3560797949135766E-009   6.3402808864984018E-003
   2.3791786164323370E-009   5.1011729090359422E-003
   2.4022774379510975E-009   4.0854992877182930E-003
   2.4253762594698583E-009   3.2571201698085076E-003
   2.4484750809886188E-009   2.5848537329707343E-003
   2.4715739025073792E-009   2.0419810737111630E-003
   2.4946727240261401E-009   1.6057613491409256E-003
   2.5177715455449005E-009   1.2569668847862139E-003
   2.5408703670636610E-009   9.7944537659049469E-004
   2.5639691885824214E-009   7.5971404107463662E-004
   2.5870680101011822E-009   5.8658862103406974E-004
   2.6101668316199427E-009   4.5084853547033957E-004
   2.6332656531387031E-009   3.4493815871818718E-004
   2.6563644746574636E-009   2.6270320217810247E-004
   2.6794632961762244E-009   1.9916042331252448E-004
   2.7025621176949849E-009   1.5029836738806077E-004
   2.7256609392137453E-009   1.1290652312130789E-004
   2.7487597607325062E-009   8.4430109557177474E-005
   2.7718585822512666E-009   6.2847675605833312E-005
   2.7949574037700270E-009   4.6568755896494634E-005
   2.8180562252887875E-009   3.4348960584177072E-005
   2.8411550468075483E-009   2.5220059790508660E-005
   2.8642538683263088E-009   1.8432836561632906E-005
   2.8873526898450692E-009   1.3410710307011263E-005
   2.9104515113638297E-009   9.7123637255616032E-006
   2.9335503328825905E-009   7.0018313138789000E-006
   2.9566491544013510E-009   5.0247203636768147E-006
   2.9797479759201114E-009   3.5894317446468666E-006
   3.0028467974388723E-009   2.5524253523005133E-006
   3.0259456189576327E-009   1.8067328803276265E-006
   3.0490444404763931E-009   1.2730586002593521E-006
   3.0721432619951536E-009   8.9292789469428699E-007
   3.0952420835139144E-009   6.2344469507109620E-007
   3.1183409050326749E-009   4.3330432670519132E-007
   3.1414397265514353E-009   2.9977931696477541E-007
   3.1645385480701958E-009   2.0645426264094488E-007
   3.1876373695889566E-009   1.4153361220729990E-007
   3.2107361911077171E-009   9.6584820233437353E-008
   3.2338350126264775E-009   6.5610252497517895E-008
   3.2569338341452384E-009   4.4365776874736427E-008
   3.2800326556639988E-009   2.9863315367772308E-008
   3.3031314771827592E-009   2.0009742451166407E-008
   3.3262302987015197E-009   1.3346227552697676E-008
   3.3493291202202805E-009   8.8611298370675505E-009
   3.3724279417390410E-009   5.8564335935737593E-009
   3.3955267632578014E-009   3.8529280102737545E-009
   3.4186255847765619E-009   2.5232606457383978E-009
   3.4417244062953227E-009   1.6449279582801238E-009
   3.4648232278140832E-009   1.0674442410408038E-009
   3.4879220493328436E-009   6.8953618718773529E-010
   3.5110208708516045E-009   4.4338651037936780E-010
   3.5341196923703649E-009   2.8380591140843133E-010
   3.5572185138891253E-009   1.8083144247628104E-010
   3.5803173354078858E-009   1.1469381651459215E-010
   3.6034161569266466E-009   7.2413511926960013E-011
   3.6265149784454071E-009   4.5510621347572662E-011
   3.6496137999641675E-009   2.8472097851729118E-011
   3.6727126214829280E-009   1.7731264918557438E-011
   3.6958114430016888E-009   1.0991918960290251E-011
   3.7189102645204493E-009   6.7829851364664818E-012
   3.7420090860392097E-009   4.1665995371254251E-012
   3.7651079075579705E-009   2.5477464519310223E-012
   3.7882067290767306E-009   1.5507585986674370E-012
   3.8113055505954914E-009   9.3960590768423741E-013
   3.8344043721142523E-009   5.6670993688263324E-013
   3.8575031936330123E-009   3.4024320851264786E-013
   3.8806020151517732E-009   2.0334413506378796E-013
   3.9037008366705340E-009   1.2097270305809539E-013
   3.9267996581892941E-009   7.1640179784472880E-014
   3.9498984797080549E-009   4.2231790796144489E-014
   3.9729973012268158E-009   2.4781972830121705E-014
   3.9960961227455758E-009   1.4475907644472977E-014
   4.0191949442643366E-009   8.4172316424560066E-015
   4.0422937657830967E-009   4.8719890429686949E-015
   4.0653925873018575E-009   2.8070934767875468E-015
   4.0884914088206184E-009   1.6099819065716275E-015
   4.1115902303393784E-009   9.1917597407366471E-016
   4.1346890518581393E-009   5.2238401734163439E-016
   4.1577878733769001E-009   2.9552528595021393E-016
   4.1808866948956601E-009   1.6642285181556306E-016
   4.2039855164144210E-009   9.3292089801251279E-017
   4.2270843379331819E-009   5.2058329966944140E-017
   4.2501831594519419E-009   2.8916730688484340E-017
   4.2732819809707027E-009   1.5989014524599946E-017
   4.2963808024894628E-009   8.8005082032709042E-018
   4.3194796240082236E-009   4.8217796026462806E-018
   4.3425784455269845E-009   2.6297865939512096E-018
   4.3656772670457445E-009   1.4277336881943767E-018
   4.3887760885645054E-009   7.7159153659141488E-019
   4.4118749100832662E-009   4.1508902609150158E-019
   4.4349737316020262E-009   2.2228420136381208E-019
   4.4580725531207871E-009   1.1849212550243625E-019
   4.4811713746395480E-009   6.2875858996070209E-020
   4.5042701961583080E-009   3.3211762309177306E-020
   4.5273690176770688E-009   1.7462783073760297E-020
   4.5504678391958289E-009   9.1400494523268298E-021
   4.5735666607145897E-009   4.7620854072859303E-021
   4.5966654822333506E-009   2.4697862195034642E-021
   4.6197643037521106E-009   1.2750731315226348E-021
   4.6428631252708715E-009   6.5527616902137523E-022
   4.6659619467896323E-009   3.3521790050912378E-022
   4.6890607683083923E-009   1.7070395287220314E-022
   4.7121595898271532E-009   8.6531354585118511E-023
   4.7352584113459140E-009   4.3663342146132212E-023
   4.7583572328646741E-009   2.1931785824694368E-023
   4.7814560543834349E-009   1.0965907178743189E-023
   4.8045548759021950E-009   5.4579390702030501E-024
   4.8276536974209558E-009   2.7041224207482901E-024
   4.8507525189397167E-009   1.3336367769846441E-024
   4.8738513404584767E-009   6.5473012799316237E-025
   4.8969501619772375E-009   3.1996364579493290E-025
   4.9200489834959984E-009   1.5565120808766881E-025
   4.9431478050147584E-009   7.5373364777871686E-026
   4.9662466265335193E-009   3.6332631910113068E-026
   4.9893454480522801E-009   1.7433691757587309E-026
   5.0124442695710402E-009   8.3271313538316026E-027
   5.0355430910898010E-009   3.9592690590496469E-027
   5.0586419126085611E-009   1.8739075670316917E-027
   5.0817407341273219E-009   8.8286614252950754E-028
   5.1048395556460828E-009   4.1405221063943804E-028
   5.1279383771648428E-009   1.9329868587808270E-028
   5.1510371986836036E-009   8.9828933529191316E-029
   5.1741360202023645E-009   4.1554411303795168E-029
   5.1972348417211245E-009   1.9135136862361371E-029
   5.2203336632398854E-009   8.7712110271492447E-030
   5.2434324847586462E-009   4.0022212650929404E-030
   5.2665313062774063E-009   1.8178421905778012E-030
   5.2896301277961671E-009   8.2191103386912293E-031
   5.3127289493149271E-009   3.6991930032170189E-031
   5.3358277708336880E-009   1.6573060642641146E-031
   5.3589265923524489E-009   7.3911496620319501E-032
   5.3820254138712089E-009   3.2812160062912455E-032
   5.4051242353899697E-009   1.4500106594281575E-032
   5.4282230569087306E-009   6.3785375508345266E-033
   5.4513218784274906E-009   2.7930877920202563E-033
   5.4744206999462515E-009   1.2174793532815533E-033
   5.4975195214650123E-009   5.2826540618623914E-034
   5.5206183429837724E-009   2.2816881478216035E-034
   5.5437171645025332E-009   9.8101116393771330E-035
   5.5668159860212932E-009   4.1986063784563607E-035
   5.5899148075400541E-009   1.7887511296155471E-035
   5.6130136290588150E-009   7.5859194892896033E-036
   5.6361124505775750E-009   3.2024332446942728E-036
   5.6592112720963358E-009   1.3457534141295044E-036
   5.6823100936150967E-009   5.6294302604412443E-037
   5.7054089151338567E-009   2.3441043705458929E-037
   5.7285077366526176E-009   9.7163465044148322E-038
   5.7516065581713784E-009   4.0090603336182244E-038
   5.7747053796901385E-009   1.6466289185702961E-038
   5.7978042012088993E-009   6.7322840704668088E-039
   5.8209030227276593E-009   2.7399502397579902E-039
   5.8440018442464202E-009   1.1100344740827435E-039
   5.8671006657651810E-009   4.4765537783683098E-040
   5.8901994872839411E-009   1.7970687573519362E-040
   5.9132983088027019E-009   7.1812348514355650E-041
   5.9363971303214628E-009   2.8565847555684278E-041
   5.9594959518402228E-009   1.1311199097443255E-041
   5.9825947733589837E-009   4.4584482258645738E-042
   6.0056935948777445E-009   1.7493324684431358E-042
   6.0287924163965046E-009   6.8324196718295868E-043
   6.0518912379152654E-009   2.6563803576830500E-043
   6.0749900594340254E-009   1.0280625387996849E-043
   6.0980888809527863E-009   3.9606125267675785E-044
   6.1211877024715471E-009   1.5188634363285212E-044
   6.1442865239903072E-009   5.7981393186117761E-045
   6.1673853455090680E-009   2.2032922850117489E-045
   6.1904841670278289E-009   8.3343000028608787E-046
   6.2135829885465889E-009   3.1381933172085910E-046
   6.2366818100653498E-009   1.1762612914392422E-046
   6.2597806315841106E-009   4.3887563003467898E-047
   6.2828794531028706E-009   1.6300190301207165E-047
   6.3059782746216315E-009   6.0263927482326980E-048
   6.3290770961403915E-009   2.2178682163955781E-048
   6.3521759176591524E-009   8.1250789738547032E-049
   6.3752747391779132E-009   2.9630091519630306E-049
   6.3983735606966733E-009   1.0756028472857950E-049
   6.4214723822154341E-009   3.8867306202297746E-050
   6.4445712037341950E-009   1.3980750606316218E-050
   6.4676700252529550E-009   5.0059912235156996E-051
   6.4907688467717159E-009   1.7842809032700124E-051
   6.5138676682904767E-009   6.3306735507078134E-052
   6.5369664898092367E-009   2.2358885876071116E-052
   6.5600653113279976E-009   7.8607493347697748E-053
   6.5831641328467576E-009   2.7510043955745927E-053
   6.6062629543655185E-009   9.5836770240595260E-054
   6.6293617758842793E-009   3.3234305106823484E-054
   6.6524605974030394E-009   1.1472408013084570E-054
   6.6755594189218002E-009   3.9421769478692071E-055
   6.6986582404405611E-009   1.3484386503599772E-055
   6.7217570619593211E-009   4.5913438501248112E-056
   6.7448558834780820E-009   1.5561877542305340E-056
   6.7679547049968428E-009   5.2504643808781680E-057
   6.7910535265156028E-009   1.7633843736939157E-057
   6.8141523480343637E-009   5.8953529033768374E-058
   6.8372511695531237E-009   1.9619420507249595E-058
   6.8603499910718846E-009   6.4994422896988824E-059
   6.8834488125906454E-009   2.1432831836341699E-059
   6.9065476341094055E-009   7.0355259516629266E-060
   6.9296464556281663E-009   2.2989373201423230E-060
   6.9527452771469272E-009   7.4777551394341484E-061
   6.9758440986656872E-009   2.4211901463195066E-061
   6.9989429201844480E-009   7.8036917076483470E-062
   7.0220417417032089E-009   2.5037148095781883E-062
   7.0451405632219689E-009   7.9961910293536892E-063
   7.0682393847407298E-009   2.5421139382628927E-063
   7.0913382062594898E-009   8.0448955734826573E-064
   7.1144370277782507E-009   2.5343077909793607E-064
   7.1375358492970115E-009   7.9471581301654615E-065
   7.1606346708157716E-009   2.4807208608682400E-065
   7.1837334923345324E-009   7.7082801662517544E-066
   7.2068323138532933E-009   2.3842436353017263E-066
   7.2299311353720533E-009   7.3410354455931223E-067
   7.2530299568908141E-009   2.2499743047785990E-067
   7.2761287784095750E-009   6.8645384832557393E-068
   7.2992275999283350E-009   2.0847725400780978E-068
   7.3223264214470959E-009   6.3025973176382363E-069
   7.3454252429658559E-009   1.8966796774743692E-069
   7.3685240644846168E-009   5.6817480257078579E-070
   7.3916228860033776E-009   1.6942734170815241E-070
   7.4147217075221376E-009   5.0291961258781928E-071
   7.4378205290408985E-009   1.4860286964476544E-071
   7.4609193505596585E-009   4.3708848792200668E-072
   7.4840181720784194E-009   1.2797498535080457E-072
   7.5071169935971802E-009   3.7298756845423722E-073
   7.5302158151159411E-009   1.0821243611249704E-073
   7.5533146366347019E-009   3.1251692280221615E-074
   7.5764134581534612E-009   8.9842836087293503E-075
   7.5995122796722220E-009   2.5710286417144155E-075
   7.6226111011909829E-009   7.3239256179317921E-076
   7.6457099227097437E-009   2.0767990831607373E-076
   7.6688087442285046E-009   5.8621724504197430E-077
   7.6919075657472654E-009   1.6471617369271890E-077
   7.7150063872660246E-009   4.6070979797425002E-078
   7.7381052087847855E-009   1.2827209863271875E-078
   7.7612040303035463E-009   3.5550891848686573E-079
   7.7843028518223072E-009   9.8080427109429279E-080
   7.8074016733410680E-009   2.6935667658692140E-080
   7.8305004948598272E-009   7.3635406691453898E-081
   7.8535993163785881E-009   2.0038221961484302E-081
   7.8766981378973490E-009   5.4280673093814825E-082
   7.8997969594161098E-009   1.4636755362297442E-082
   7.9228957809348707E-009   3.9287821880972537E-083
   7.9459946024536315E-009   1.0497469911554032E-083
   7.9690934239723907E-009   2.7920608121564774E-084
   7.9921922454911516E-009   7.3922842152945417E-085
   8.0152910670099124E-009   1.9482558427074711E-085
   8.0383898885286733E-009   5.1112469790558640E-086
   8.0614887100474341E-009   1.3348156648572260E-086
   8.0845875315661933E-009   3.4699983705670241E-087
   8.1076863530849542E-009   8.9794718910860556E-088
   8.1307851746037151E-009   2.3130545124061175E-088
   8.1538839961224759E-009   5.9310896569414073E-089
   8.1769828176412368E-009   1.5138981504741521E-089
   8.2000816391599976E-009   3.8465588037149866E-090
   8.2231804606787568E-009   9.7288530131790552E-091
   8.2462792821975177E-009   2.4494267487483475E-091
   8.2693781037162785E-009   6.1387623200784525E-092
   8.2924769252350394E-009   1.5314778840370277E-092
   8.3155757467538002E-009   3.8032439991837080E-093
   8.3386745682725594E-009   9.4018040639116019E-094
   8.3617733897913203E-009   2.3135652465429268E-094
   8.3848722113100811E-009   5.6671649810352483E-095
   8.4079710328288420E-009   1.3818582897950011E-095
   8.4310698543476029E-009   3.3540899771260029E-096
   8.4541686758663637E-009   8.1040004744317407E-097
   8.4772674973851229E-009   1.9491163071848871E-097
   8.5003663189038838E-009   4.6664820597806640E-098
   8.5234651404226446E-009   1.1121285614567627E-098
   8.5465639619414055E-009   2.6383592858014326E-099
   8.5696627834601663E-009   6.2305505929391621E-100
   8.5927616049789255E-009   1.4646453112163520E-100
   8.6158604264976864E-009   3.4272994609057869E-101
   8.6389592480164472E-009   7.9833503358131279E-102
   8.6620580695352081E-009   1.8511084853247378E-102
   8.6851568910539690E-009   4.2725986950259635E-103
   8.7082557125727298E-009   9.8167082422794823E-104
   8.7313545340914890E-009   2.2451905843137230E-104
   8.7544533556102499E-009   5.1115673691956418E-105
   8.7775521771290107E-009   1.1584265809643589E-105
   8.8006509986477716E-009   2.6133434403984670E-106
   8.8237498201665324E-009   5.8686472957974622E-107
   8.8468486416852916E-009   1.3118768831041379E-107
   8.8699474632040525E-009   2.9191855301004581E-108
   8.8930462847228133E-009   6.4661215506326675E-109
   8.9161451062415742E-009   1.4257375214070983E-109
   8.9392439277603350E-009   3.1293118332474324E-110
   8.9623427492790959E-009   6.8370956220766810E-111
   8.9854415707978551E-009   1.4869898828805234E-111
   9.0085403923166160E-009   3.2192738496776620E-112
   9.0316392138353768E-009   6.9377936450216819E-113
   9.0547380353541377E-009   1.4883270770535263E-113
   9.0778368568728985E-009   3.1782564419787005E-114
   9.1009356783916577E-009   6.7560528345478405E-115
   9.1240344999104186E-009   1.4295873179824968E-115
   9.1471333214291794E-009   3.0112158293311074E-116
   9.1702321429479403E-009   6.3137390882957090E-117
   9.1933309644667011E-009   1.3177861095769536E-117
   9.2164297859854620E-009   2.7378948714508175E-118
   9.2395286075042212E-009   5.6624210445105648E-119
   9.2626274290229821E-009   1.1657383897494073E-119
   9.2857262505417429E-009   2.3889858997209102E-120
   9.3088250720605038E-009   4.8734848739442291E-121
   9.3319238935792646E-009   9.8964448033978068E-122
   9.3550227150980238E-009   2.0004713656800380E-122
   9.3781215366167847E-009   4.0253071088904667E-123
   9.4012203581355455E-009   8.0626767705044298E-124
   9.4243191796543064E-009   1.6075816008730111E-124
   9.4474180011730672E-009   3.1906587139754480E-125
   9.4705168226918281E-009   6.3037825958819017E-126
   9.4936156442105873E-009   1.2397543740809913E-126
   9.5167144657293481E-009   2.4270773644358594E-127
   9.5398132872481090E-009   4.7298257237994015E-128
   9.5629121087668699E-009   9.1752985878311208E-129
   9.5860109302856307E-009   1.7717760295892017E-129
   9.6091097518043899E-009   3.4057360443788238E-130
   9.6322085733231508E-009   6.5166845359598610E-131
   9.6553073948419116E-009   1.2412405594167919E-131
   9.6784062163606725E-009   2.3534163545522694E-132
   9.7015050378794333E-009   4.4417603628659922E-133
   9.7246038593981942E-009   8.3449748018081750E-134
   9.7477026809169534E-009   1.5606606606838237E-134
   9.7708015024357142E-009   2.9053970103659359E-135
   9.7939003239544751E-009   5.3841361763400851E-136
   9.8169991454732360E-009   9.9320782885626702E-137
   9.8400979669919968E-009   1.8238023923771108E-137
   9.8631967885107560E-009   3.3337188925090639E-138
   9.8862956100295169E-009   6.0658786761666580E-139
   9.9093944315482777E-009   1.0986820052941704E-139
   9.9324932530670386E-009   1.9809059276961144E-140
   9.9555920745857994E-009   3.5552425903677456E-141
   9.9786908961045603E-009   6.3516736612597187E-142
   1.0001789717623319E-008   1.1295895385997416E-142
   1.0024888539142080E-008   1.9997085104432456E-143
   1.0047987360660841E-008   3.5239219147063664E-144
   1.0071086182179602E-008   6.1815787507938487E-145
   1.0094185003698363E-008   1.0794091234729788E-145
   1.0117283825217122E-008   1.8762310159383128E-146
   1.0140382646735883E-008   3.2463854690407889E-147
   1.0163481468254644E-008   5.5914881500972551E-148
   1.0186580289773405E-008   9.5866810860809187E-149
   1.0209679111292166E-008   1.6361484297708835E-149
   1.0232777932810926E-008   2.7796535377925542E-150
   1.0255876754329686E-008   4.7008044380517719E-151
   1.0278975575848446E-008   7.9134752552933050E-152
   1.0302074397367207E-008   1.3260987374268968E-152
   1.0325173218885968E-008   2.2120657053025419E-153
   1.0348272040404729E-008   3.6731082888707538E-154
   1.0371370861923488E-008   6.0713181296362233E-155
   1.0394469683442249E-008   9.9895470342166697E-156
   1.0417568504961010E-008   1.6361463596363755E-156
   1.0440667326479771E-008   2.6675468340635708E-157
   1.0463766147998532E-008   4.3292782946417437E-158
   1.0486864969517292E-008   6.9941107228771050E-159
   1.0509963791036052E-008   1.1247682559106588E-159
   1.0533062612554813E-008   1.8005581292791648E-160
   1.0556161434073573E-008   2.8692262196969591E-161
   1.0579260255592334E-008   4.5513054521942813E-162
   1.0602359077111095E-008   7.1865545106807349E-163
   1.0625457898629854E-008   1.1295852509706164E-163
   1.0648556720148615E-008   1.7673837211019220E-164
   1.0671655541667376E-008   2.7526832243999937E-165
   1.0694754363186137E-008   4.2677126492964317E-166
   1.0717853184704898E-008   6.5863931749645624E-167
   1.0740952006223659E-008   1.0118442846268359E-167
   1.0764050827742418E-008   1.5473667547433342E-168
   1.0787149649261179E-008   2.3555177918876555E-169
   1.0810248470779939E-008   3.5693822890736751E-170
   1.0833347292298700E-008   5.3841021150731254E-171
   1.0856446113817461E-008   8.0843863512792542E-172
   1.0879544935336220E-008   1.2083545466811540E-172
   1.0902643756854981E-008   1.7978574298178961E-173
   1.0925742578373742E-008   2.6627455412701042E-174
   1.0948841399892503E-008   3.9257047313058514E-175
   1.0971940221411264E-008   5.7612821536601917E-176
   1.0995039042930025E-008   8.4165519187824427E-177
   1.1018137864448784E-008   1.2239475770558838E-177
   1.1041236685967545E-008   1.7717603374892968E-178
   1.1064335507486306E-008   2.5530580056366020E-179
   1.1087434329005066E-008   3.6620977895990582E-180
   1.1110533150523827E-008   5.2289289471928197E-181
   1.1133631972042586E-008   7.4320580324553796E-182
   1.1156730793561347E-008   1.0515235220606283E-182
   1.1179829615080108E-008   1.4809569709512841E-183
   1.1202928436598869E-008   2.0762490027588622E-184
   1.1226027258117630E-008   2.8975436139443366E-185
   1.1249126079636391E-008   4.0252612719957498E-186
   1.1272224901155150E-008   5.5663654564013848E-187
   1.1295323722673911E-008   7.6623662363446817E-188
   1.1318422544192672E-008   1.0499476456578877E-188
   1.1341521365711433E-008   1.4321415021784052E-189
   1.1364620187230193E-008   1.9445439573160539E-190
   1.1387719008748953E-008   2.6282286668154595E-191
   1.1410817830267713E-008   3.5360799779553587E-192
   1.1433916651786474E-008   4.7358131458512634E-193
   1.1457015473305235E-008   6.3136512159088856E-194
   1.1480114294823996E-008   8.3787679477669574E-195
   1.1503213116342757E-008   1.1068615139802597E-195
   1.1526311937861516E-008   1.4555259739131780E-196
   1.1549410759380277E-008   1.9052860201336898E-197
   1.1572509580899038E-008   2.4826411535314764E-198
   1.1595608402417799E-008   3.2201883006638571E-199
   1.1618707223936559E-008   4.1577860114087507E-200
   1.1641806045455319E-008   5.3438781634568162E-201
   1.1664904866974080E-008   6.8369831648005716E-202
   1.1688003688492840E-008   8.7073503940023865E-203
   1.1711102510011601E-008   1.1038780061021901E-203
   1.1734201331530362E-008   1.3930595692304835E-204
   1.1757300153049123E-008   1.7499749966344448E-205
   1.1780398974567882E-008   2.1883034629648395E-206
   1.1803497796086643E-008   2.7239353759864455E-207
   1.1826596617605404E-008   3.3752006853720872E-208
   1.1849695439124165E-008   4.1630914347462421E-209
   1.1872794260642926E-008   5.1114703590052453E-210
   1.1895893082161685E-008   6.2472558474041260E-211
   1.1918991903680446E-008   7.6005721506834145E-212
   1.1942090725199206E-008   9.2048523825468718E-213
   1.1965189546717967E-008   1.1096880738491082E-213
   1.1988288368236728E-008   1.3316759524600356E-214
   1.2011387189755489E-008   1.5907786157621276E-215
   1.2034486011274248E-008   1.8916225370122294E-216
   1.2057584832793009E-008   2.2390962531906516E-217
   1.2080683654311770E-008   2.6383025373107213E-218
   1.2103782475830531E-008   3.0944963540785599E-219
   1.2126881297349292E-008   3.6130078391272553E-220
   1.2149980118868051E-008   4.1991499235557329E-221
   1.2173078940386812E-008   4.8581106897379791E-222
   1.2196177761905573E-008   5.5948310852360678E-223
   1.2219276583424333E-008   6.4138692281826241E-224
   1.2242375404943094E-008   7.3192531937518092E-225
   1.2265474226461855E-008   8.3143248563008413E-226
   1.2288573047980614E-008   9.4015780497219602E-227
   1.2311671869499375E-008   1.0582494969838531E-227
   1.2334770691018136E-008   1.1857385344567255E-228
   1.2357869512536897E-008   1.3225233405518114E-229
   1.2380968334055658E-008   1.4683558074207222E-230
   1.2404067155574417E-008   1.6228291994220449E-231
   1.2427165977093178E-008   1.7853685068189129E-232
   1.2450264798611939E-008   1.9552237971783842E-233
   1.2473363620130700E-008   2.1314670700126225E-234
   1.2496462441649460E-008   2.3129930548166944E-235
   1.2519561263168221E-008   2.4985243039552776E-236
   1.2542660084686980E-008   2.6866208213770214E-237
   1.2565758906205741E-008   2.8756943385595850E-238
   1.2588857727724502E-008   3.0640272043237556E-239
   1.2611956549243263E-008   3.2497957000419613E-240
   1.2635055370762024E-008   3.4310974321610778E-241
   1.2658154192280783E-008   3.6059822961997986E-242
   1.2681253013799544E-008   3.7724863573550338E-243
   1.2704351835318305E-008   3.9286678593101650E-244
   1.2727450656837066E-008   4.0726444613184965E-245
   1.2750549478355826E-008   4.2026307200304704E-246
   1.2773648299874587E-008   4.3169747815946673E-247
   1.2796747121393347E-008   4.4141932349567850E-248
   1.2819845942912107E-008   4.4930031009351746E-249
   1.2842944764430868E-008   4.5523499939704958E-250
   1.2866043585949629E-008   4.5914315928648316E-251
   1.2889142407468390E-008   4.6097156903472136E-252
   1.2912241228987149E-008   4.6069522538525414E-253
   1.2935340050505910E-008   4.5831791154610152E-254
   1.2958438872024671E-008   4.5387211099989009E-255
   1.2981537693543432E-008   4.4741826887368621E-256
   1.3004636515062193E-008   4.3904342434758693E-257
   1.3027735336580953E-008   4.2885925735404458E-258
   1.3050834158099713E-008   4.1699961084114577E-259
   1.3073932979618473E-008   4.0361756542094115E-260
   1.3097031801137234E-008   3.8888215572379697E-261
   1.3120130622655995E-008   3.7297482677017911E-262
   1.3143229444174756E-008   3.5608573389882695E-263
   1.3166328265693515E-008   3.3840999114117937E-264
   1.3189427087212276E-008   3.2014397049069690E-265
   1.3212525908731037E-008   3.0148174852992981E-266
   1.3235624730249798E-008   2.8261178772770276E-267
   1.3258723551768559E-008   2.6371392793584216E-268
   1.3281822373287320E-008   2.4495674978582134E-269
   1.3304921194806079E-008   2.2649535648857597E-270
   1.3328020016324840E-008   2.0846960465248061E-271
   1.3351118837843600E-008   1.9100279883087361E-272
   1.3374217659362361E-008   1.7420084921789175E-273
   1.3397316480881122E-008   1.5815187778959534E-274
   1.3420415302399881E-008   1.4292624569923666E-275
   1.3443514123918642E-008   1.2857696423537614E-276
   1.3466612945437403E-008   1.1514044338471514E-277
   1.3489711766956164E-008   1.0263752612410917E-278
   1.3512810588474925E-008   9.1074753012714830E-280
   1.3535909409993686E-008   8.0445800369000925E-281
   1.3559008231512445E-008   7.0733036118199626E-282
   1.3582107053031206E-008   6.1909140030036080E-283
   1.3605205874549967E-008   5.3938739231795258E-284
   1.3628304696068727E-008   4.6780015240898779E-285
   1.3651403517587488E-008   4.0386244968958688E-286
   1.3674502339106247E-008   3.4707244862646084E-287
   1.3697601160625008E-008   2.9690694245715639E-288
   1.3720699982143769E-008   2.5283320723937411E-289
   1.3743798803662530E-008   2.1431936965085306E-290
   1.3766897625181291E-008   1.8084324072694029E-291
   1.3789996446700052E-008   1.5189961988631752E-292
   1.3813095268218811E-008   1.2700611788979634E-293
   1.3836194089737572E-008   1.0570758331295413E-294
   1.3859292911256333E-008   8.7579244623339974E-296
   1.3882391732775093E-008   7.2228699331071569E-297
   1.3905490554293854E-008   5.9296893516400104E-298
   1.3928589375812614E-008   4.8458240131067920E-299
   1.3951688197331374E-008   3.9420023774437348E-300
   1.3974787018850135E-008   3.1921234184638399E-301
   1.3997885840368896E-008   2.5730961505217106E-302
   1.4020984661887657E-008   2.0646474499521747E-303
   1.4044083483406418E-008   1.6491089226170979E-304
   1.4067182304925177E-008   1.3111921096527445E-305
   1.4090281126443938E-008   1.0377598424730539E-306
   1.4113379947962699E-008   8.1760011394555002E-308
   1.4136478769481460E-008   6.4120747098377228E-309
   1.4159577591000220E-008   5.0057568773931472E-310
   1.4182676412518980E-008   3.8900436975009773E-311
   1.4205775234037740E-008   3.0092117941307564E-312
   1.4228874055556501E-008   2.3172056514998284E-313
   1.4251972877075262E-008   1.7761921694328041E-314
   1.4275071698594023E-008   1.3552795066145248E-315
   1.4298170520112784E-008   1.0293932829080540E-316
   1.4321269341631543E-008   7.7830062376242400E-318
   1.4344368163150304E-008   5.8576917036584032E-319
   1.4367466984669065E-008   4.3887851320077931E-320
   1.4390565806187826E-008   3.2707145754690521E-321
   1.4413664627706587E-008   2.4209216646221081E-322
   1.4436763449225346E-008   1.9762625833649862E-323
   1.4459862270744107E-008   0.0000000000000000     
   1.4482961092262867E-008   0.0000000000000000     
   1.4506059913781628E-008   0.0000000000000000     
   1.4529158735300389E-008   0.0000000000000000     
   1.4552257556819150E-008   0.0000000000000000     
   1.4575356378337909E-008   0.0000000000000000     
   1.4598455199856670E-008   0.0000000000000000     
   1.4621554021375431E-008   0.0000000000000000     
   1.4644652842894192E-008   0.0000000000000000     
   1.4667751664412953E-008   0.0000000000000000     
   1.4690850485931712E-008   0.0000000000000000     
   1.4713949307450473E-008   0.0000000000000000     
   1.4737048128969234E-008   0.0000000000000000     
   1.4760146950487994E-008   0.0000000000000000     
   1.4783245772006755E-008   0.0000000000000000     
   1.4806344593525516E-008   0.0000000000000000     
   1.4829443415044275E-008   0.0000000000000000     
   1.4852542236563036E-008   0.0000000000000000     
   1.4875641058081797E-008   0.0000000000000000     
   1.4898739879600558E-008   0.0000000000000000     
   1.4921838701119317E-008   0.0000000000000000     
   1.4944937522638078E-008   0.0000000000000000     
   1.4968036344156839E-008   0.0000000000000000     
   1.4991135165675600E-008   0.0000000000000000     
   1.5014233987194360E-008   0.0000000000000000     
   1.5037332808713121E-008   0.0000000000000000     
   1.5060431630231882E-008   0.0000000000000000     
   1.5083530451750643E-008   0.0000000000000000     
   1.5106629273269404E-008   0.0000000000000000     
   1.5129728094788165E-008   0.0000000000000000     
   1.5152826916306922E-008   0.0000000000000000     
   1.5175925737825683E-008   0.0000000000000000     
   1.5199024559344444E-008   0.0000000000000000     
   1.5222123380863205E-008   0.0000000000000000     
   1.5245222202381966E-008   0.0000000000000000     
   1.5268321023900727E-008   0.0000000000000000     
   1.5291419845419487E-008   0.0000000000000000     
   1.5314518666938248E-008   0.0000000000000000     
   1.5337617488457009E-008   0.0000000000000000     
   1.5360716309975770E-008   0.0000000000000000     
   1.5383815131494531E-008   0.0000000000000000     
   1.5406913953013288E-008   0.0000000000000000     
   1.5430012774532049E-008   0.0000000000000000     
   1.5453111596050810E-008   0.0000000000000000     
   1.5476210417569571E-008   0.0000000000000000     
   1.5499309239088332E-008   0.0000000000000000     
   1.5522408060607093E-008   0.0000000000000000     
   1.5545506882125854E-008   0.0000000000000000     
   1.5568605703644614E-008   0.0000000000000000     
   1.5591704525163375E-008   0.0000000000000000     
   1.5614803346682136E-008   0.0000000000000000     
   1.5637902168200897E-008   0.0000000000000000     
   1.5661000989719654E-008   0.0000000000000000     
   1.5684099811238415E-008   0.0000000000000000     
   1.5707198632757176E-008   0.0000000000000000     
   1.5730297454275937E-008   0.0000000000000000     
   1.5753396275794698E-008   0.0000000000000000     
   1.5776495097313459E-008   0.0000000000000000     
   1.5799593918832220E-008   0.0000000000000000     
   1.5822692740350980E-008   0.0000000000000000     
   1.5845791561869741E-008   0.0000000000000000     
   1.5868890383388502E-008   0.0000000000000000     
   1.5891989204907263E-008   0.0000000000000000     
   1.5915088026426021E-008   0.0000000000000000     
   1.5938186847944781E-008   0.0000000000000000     
   1.5961285669463542E-008   0.0000000000000000     
   1.5984384490982303E-008   0.0000000000000000     
   1.6007483312501064E-008   0.0000000000000000     
   1.6030582134019825E-008   0.0000000000000000     
   1.6053680955538586E-008   0.0000000000000000     
   1.6076779777057347E-008   0.0000000000000000     
   1.6099878598576107E-008   0.0000000000000000     
   1.6122977420094868E-008   0.0000000000000000     
   1.6146076241613629E-008   0.0000000000000000     
   1.6169175063132387E-008   0.0000000000000000     
   1.6192273884651148E-008   0.0000000000000000     
   1.6215372706169908E-008   0.0000000000000000     
   1.6238471527688669E-008   0.0000000000000000     
   1.6261570349207430E-008   0.0000000000000000     
   1.6284669170726191E-008   0.0000000000000000     
   1.6307767992244952E-008   0.0000000000000000     
   1.6330866813763713E-008   0.0000000000000000     
   1.6353965635282474E-008   0.0000000000000000     
   1.6377064456801234E-008   0.0000000000000000     
   1.6400163278319995E-008   0.0000000000000000     
   1.6423262099838753E-008   0.0000000000000000     
   1.6446360921357514E-008   0.0000000000000000     
   1.6469459742876274E-008   0.0000000000000000     
   1.6492558564395035E-008   0.0000000000000000     
   1.6515657385913796E-008   0.0000000000000000     
   1.6538756207432557E-008   0.0000000000000000     
   1.6561855028951318E-008   0.0000000000000000     
   1.6584953850470079E-008   0.0000000000000000     
   1.6608052671988840E-008   0.0000000000000000     
   1.6631151493507600E-008   0.0000000000000000     
   1.6654250315026361E-008   0.0000000000000000     
   1.6677349136545119E-008   0.0000000000000000     
   1.6700447958063880E-008   0.0000000000000000     
   1.6723546779582641E-008   0.0000000000000000     
   1.6746645601101401E-008   0.0000000000000000     
   1.6769744422620162E-008   0.0000000000000000     
   1.6792843244138923E-008   0.0000000000000000     
   1.6815942065657684E-008   0.0000000000000000     
   1.6839040887176445E-008   0.0000000000000000     
   1.6862139708695206E-008   0.0000000000000000     
   1.6885238530213967E-008   0.0000000000000000     
   1.6908337351732727E-008   0.0000000000000000     
   1.6931436173251485E-008   0.0000000000000000     
   1.6954534994770246E-008   0.0000000000000000     
   1.6977633816289007E-008   0.0000000000000000     
   1.7000732637807768E-008   0.0000000000000000     
   1.7023831459326528E-008   0.0000000000000000     
   1.7046930280845289E-008   0.0000000000000000     
   1.7070029102364050E-008   0.0000000000000000     
   1.7093127923882811E-008   0.0000000000000000     
   1.7116226745401572E-008   0.0000000000000000     
   1.7139325566920333E-008   0.0000000000000000     
   1.7162424388439094E-008   0.0000000000000000     
   1.7185523209957851E-008   0.0000000000000000     
   1.7208622031476612E-008   0.0000000000000000     
   1.7231720852995373E-008   0.0000000000000000     
   1.7254819674514134E-008   0.0000000000000000     
   1.7277918496032894E-008   0.0000000000000000     
   1.7301017317551655E-008   0.0000000000000000     
   1.7324116139070416E-008   0.0000000000000000     
   1.7347214960589177E-008   0.0000000000000000     
   1.7370313782107938E-008   0.0000000000000000     
   1.7393412603626699E-008   0.0000000000000000     
   1.7416511425145460E-008   0.0000000000000000     
   1.7439610246664217E-008   0.0000000000000000     
   1.7462709068182978E-008   0.0000000000000000     
   1.7485807889701739E-008   0.0000000000000000     
   1.7508906711220500E-008   0.0000000000000000     
   1.7532005532739261E-008   0.0000000000000000     
   1.7555104354258021E-008   0.0000000000000000     
   1.7578203175776782E-008   0.0000000000000000     
   1.7601301997295543E-008   0.0000000000000000     
   1.7624400818814304E-008   0.0000000000000000     
   1.7647499640333065E-008   0.0000000000000000     
   1.7670598461851826E-008   0.0000000000000000     
   1.7693697283370583E-008   0.0000000000000000     
   1.7716796104889344E-008   0.0000000000000000     
   1.7739894926408105E-008   0.0000000000000000     
   1.7762993747926866E-008   0.0000000000000000     
   1.7786092569445627E-008   0.0000000000000000     
   1.7809191390964388E-008   0.0000000000000000     
   1.7832290212483148E-008   0.0000000000000000     
   1.7855389034001909E-008   0.0000000000000000     
   1.7878487855520670E-008   0.0000000000000000     
   1.7901586677039431E-008   0.0000000000000000     
   1.7924685498558192E-008   0.0000000000000000     
   1.7947784320076949E-008   0.0000000000000000     
   1.7970883141595710E-008   0.0000000000000000     
   1.7993981963114471E-008   0.0000000000000000     
   1.8017080784633232E-008   0.0000000000000000     
   1.8040179606151993E-008   0.0000000000000000     
   1.8063278427670754E-008   0.0000000000000000     
   1.8086377249189514E-008   0.0000000000000000     
   1.8109476070708275E-008   0.0000000000000000     
   1.8132574892227036E-008   0.0000000000000000     
   1.8155673713745797E-008   0.0000000000000000     
   1.8178772535264558E-008   0.0000000000000000     
   1.8201871356783315E-008   0.0000000000000000     
   1.8224970178302076E-008   0.0000000000000000     
   1.8248068999820837E-008   0.0000000000000000     
   1.8271167821339598E-008   0.0000000000000000     
   1.8294266642858359E-008   0.0000000000000000     
   1.8317365464377120E-008   0.0000000000000000     
   1.8340464285895881E-008   0.0000000000000000     
   1.8363563107414641E-008   0.0000000000000000     
   1.8386661928933402E-008   0.0000000000000000     
   1.8409760750452163E-008   0.0000000000000000     
   1.8432859571970924E-008   0.0000000000000000     
   1.8455958393489682E-008   0.0000000000000000     
   1.8479057215008442E-008   0.0000000000000000     
   1.8502156036527203E-008   0.0000000000000000     
   1.8525254858045964E-008   0.0000000000000000     
   1.8548353679564725E-008   0.0000000000000000     
   1.8571452501083486E-008   0.0000000000000000     
   1.8594551322602247E-008   0.0000000000000000     
   1.8617650144121008E-008   0.0000000000000000     
   1.8640748965639768E-008   0.0000000000000000     
   1.8663847787158529E-008   0.0000000000000000     
   1.8686946608677290E-008   0.0000000000000000     
   1.8710045430196048E-008   0.0000000000000000     
   1.8733144251714808E-008   0.0000000000000000     
   1.8756243073233569E-008   0.0000000000000000     
   1.8779341894752330E-008   0.0000000000000000     
   1.8802440716271091E-008   0.0000000000000000     
   1.8825539537789852E-008   0.0000000000000000     
   1.8848638359308613E-008   0.0000000000000000     
   1.8871737180827374E-008   0.0000000000000000     
   1.8894836002346134E-008   0.0000000000000000     
   1.8917934823864895E-008   0.0000000000000000     
   1.8941033645383656E-008   0.0000000000000000     
   1.8964132466902414E-008   0.0000000000000000     
   1.8987231288421175E-008   0.0000000000000000     
   1.9010330109939935E-008   0.0000000000000000     
   1.9033428931458696E-008   0.0000000000000000     
   1.9056527752977457E-008   0.0000000000000000     
   1.9079626574496218E-008   0.0000000000000000     
   1.9102725396014979E-008   0.0000000000000000     
   1.9125824217533740E-008   0.0000000000000000     
   1.9148923039052501E-008   0.0000000000000000     
   1.9172021860571261E-008   0.0000000000000000     
   1.9195120682090022E-008   0.0000000000000000     
   1.9218219503608780E-008   0.0000000000000000     
   1.9241318325127541E-008   0.0000000000000000     
   1.9264417146646302E-008   0.0000000000000000     
   1.9287515968165062E-008   0.0000000000000000     
   1.9310614789683823E-008   0.0000000000000000     
   1.9333713611202584E-008   0.0000000000000000     
   1.9356812432721345E-008   0.0000000000000000     
   1.9379911254240106E-008   0.0000000000000000     
   1.9403010075758867E-008   0.0000000000000000     
   1.9426108897277628E-008   0.0000000000000000     
   1.9449207718796388E-008   0.0000000000000000     
   1.9472306540315146E-008   0.0000000000000000     
   1.9495405361833907E-008   0.0000000000000000     
   1.9518504183352668E-008   0.0000000000000000     
   1.9541603004871428E-008   0.0000000000000000     
   1.9564701826390189E-008   0.0000000000000000     
   1.9587800647908950E-008   0.0000000000000000     
   1.9610899469427711E-008   0.0000000000000000     
   1.9633998290946472E-008   0.0000000000000000     
   1.9657097112465233E-008   0.0000000000000000     
   1.9680195933983994E-008   0.0000000000000000     
   1.9703294755502754E-008   0.0000000000000000     
   1.9726393577021512E-008   0.0000000000000000     
   1.9749492398540273E-008   0.0000000000000000     
   1.9772591220059034E-008   0.0000000000000000     
   1.9795690041577795E-008   0.0000000000000000     
   1.9818788863096555E-008   0.0000000000000000     
   1.9841887684615316E-008   0.0000000000000000     
   1.9864986506134077E-008   0.0000000000000000     
   1.9888085327652838E-008   0.0000000000000000     
   1.9911184149171599E-008   0.0000000000000000     
   1.9934282970690360E-008   0.0000000000000000     
   1.9957381792209121E-008   0.0000000000000000     
   1.9980480613727878E-008   0.0000000000000000     
   2.0003579435246639E-008   0.0000000000000000     
   2.0026678256765400E-008   0.0000000000000000     
   2.0049777078284161E-008   0.0000000000000000     
   2.0072875899802922E-008   0.0000000000000000     
   2.0095974721321682E-008   0.0000000000000000     
   2.0119073542840443E-008   0.0000000000000000     
   2.0142172364359204E-008   0.0000000000000000     
   2.0165271185877965E-008   0.0000000000000000     
   2.0188370007396726E-008   0.0000000000000000     
   2.0211468828915487E-008   0.0000000000000000     
   2.0234567650434244E-008   0.0000000000000000     
   2.0257666471953005E-008   0.0000000000000000     
   2.0280765293471766E-008   0.0000000000000000     
   2.0303864114990527E-008   0.0000000000000000     
   2.0326962936509288E-008   0.0000000000000000     
   2.0350061758028048E-008   0.0000000000000000     
   2.0373160579546809E-008   0.0000000000000000     
   2.0396259401065570E-008   0.0000000000000000     
   2.0419358222584331E-008   0.0000000000000000     
   2.0442457044103092E-008   0.0000000000000000     
   2.0465555865621853E-008   0.0000000000000000     
   2.0488654687140610E-008   0.0000000000000000     
   2.0511753508659371E-008   0.0000000000000000     
   2.0534852330178132E-008   0.0000000000000000     
   2.0557951151696893E-008   0.0000000000000000     
   2.0581049973215654E-008   0.0000000000000000     
   2.0604148794734415E-008   0.0000000000000000     
   2.0627247616253175E-008   0.0000000000000000     
   2.0650346437771936E-008   0.0000000000000000     
   2.0673445259290697E-008   0.0000000000000000     
   2.0696544080809458E-008   0.0000000000000000     
   2.0719642902328219E-008   0.0000000000000000     
   2.0742741723846976E-008   0.0000000000000000     
   2.0765840545365737E-008   0.0000000000000000     
   2.0788939366884498E-008   0.0000000000000000     
   2.0812038188403259E-008   0.0000000000000000     
   2.0835137009922020E-008   0.0000000000000000     
   2.0858235831440781E-008   0.0000000000000000     
   2.0881334652959542E-008   0.0000000000000000     
   2.0904433474478302E-008   0.0000000000000000     
   2.0927532295997063E-008   0.0000000000000000     
   2.0950631117515824E-008   0.0000000000000000     
   2.0973729939034585E-008   0.0000000000000000     
   2.0996828760553342E-008   0.0000000000000000     
   2.1019927582072103E-008   0.0000000000000000     
   2.1043026403590864E-008   0.0000000000000000     
   2.1066125225109625E-008   0.0000000000000000     
   2.1089224046628386E-008   0.0000000000000000     
   2.1112322868147147E-008   0.0000000000000000     
   2.1135421689665908E-008   0.0000000000000000     
   2.1158520511184668E-008   0.0000000000000000     
   2.1181619332703429E-008   0.0000000000000000     
   2.1204718154222190E-008   0.0000000000000000     
   2.1227816975740951E-008   0.0000000000000000     
   2.1250915797259709E-008   0.0000000000000000     
   2.1274014618778469E-008   0.0000000000000000     
   2.1297113440297230E-008   0.0000000000000000     
   2.1320212261815991E-008   0.0000000000000000     
   2.1343311083334752E-008   0.0000000000000000     
   2.1366409904853513E-008   0.0000000000000000     
   2.1389508726372274E-008   0.0000000000000000     
   2.1412607547891035E-008   0.0000000000000000     
   2.1435706369409795E-008   0.0000000000000000     
   2.1458805190928556E-008   0.0000000000000000     
   2.1481904012447317E-008   0.0000000000000000     
   2.1505002833966075E-008   0.0000000000000000     
   2.1528101655484836E-008   0.0000000000000000     
   2.1551200477003596E-008   0.0000000000000000     
   2.1574299298522357E-008   0.0000000000000000     
   2.1597398120041118E-008   0.0000000000000000     
   2.1620496941559879E-008   0.0000000000000000     
   2.1643595763078640E-008   0.0000000000000000     
   2.1666694584597401E-008   0.0000000000000000     
   2.1689793406116162E-008   0.0000000000000000     
   2.1712892227634922E-008   0.0000000000000000     
   2.1735991049153683E-008   0.0000000000000000     
   2.1759089870672441E-008   0.0000000000000000     
   2.1782188692191202E-008   0.0000000000000000     
   2.1805287513709962E-008   0.0000000000000000     
   2.1828386335228723E-008   0.0000000000000000     
   2.1851485156747484E-008   0.0000000000000000     
   2.1874583978266245E-008   0.0000000000000000     
   2.1897682799785006E-008   0.0000000000000000     
   2.1920781621303767E-008   0.0000000000000000     
   2.1943880442822528E-008   0.0000000000000000     
   2.1966979264341288E-008   0.0000000000000000     
   2.1990078085860049E-008   0.0000000000000000     
   2.2013176907378807E-008   0.0000000000000000     
   2.2036275728897568E-008   0.0000000000000000     
   2.2059374550416329E-008   0.0000000000000000     
   2.2082473371935089E-008   0.0000000000000000     
   2.2105572193453850E-008   0.0000000000000000     
   2.2128671014972611E-008   0.0000000000000000     
   2.2151769836491372E-008   0.0000000000000000     
   2.2174868658010133E-008   0.0000000000000000     
   2.2197967479528894E-008   0.0000000000000000     
   2.2221066301047655E-008   0.0000000000000000     
   2.2244165122566415E-008   0.0000000000000000     
   2.2267263944085173E-008   0.0000000000000000     
   2.2290362765603934E-008   0.0000000000000000     
   2.2313461587122695E-008   0.0000000000000000     
   2.2336560408641456E-008   0.0000000000000000     
   2.2359659230160216E-008   0.0000000000000000     
   2.2382758051678977E-008   0.0000000000000000     
   2.2405856873197738E-008   0.0000000000000000     
   2.2428955694716499E-008   0.0000000000000000     
   2.2452054516235260E-008   0.0000000000000000     
   2.2475153337754021E-008   0.0000000000000000     
   2.2498252159272782E-008   0.0000000000000000     
   2.2521350980791539E-008   0.0000000000000000     
   2.2544449802310300E-008   0.0000000000000000     
   2.2567548623829061E-008   0.0000000000000000     
   2.2590647445347822E-008   0.0000000000000000     
   2.2613746266866582E-008   0.0000000000000000     
   2.2636845088385343E-008   0.0000000000000000     
   2.2659943909904104E-008   0.0000000000000000     
   2.2683042731422865E-008   0.0000000000000000     
   2.2706141552941626E-008   0.0000000000000000     
   2.2729240374460387E-008   0.0000000000000000     
   2.2752339195979148E-008   0.0000000000000000     
   2.2775438017497905E-008   0.0000000000000000     
   2.2798536839016666E-008   0.0000000000000000     
   2.2821635660535427E-008   0.0000000000000000     
   2.2844734482054188E-008   0.0000000000000000     
   2.2867833303572949E-008   0.0000000000000000     
   2.2890932125091709E-008   0.0000000000000000     
   2.2914030946610470E-008   0.0000000000000000     
   2.2937129768129231E-008   0.0000000000000000     
   2.2960228589647992E-008   0.0000000000000000     
   2.2983327411166753E-008   0.0000000000000000     
   2.3006426232685514E-008   0.0000000000000000     
   2.3029525054204271E-008   0.0000000000000000     
   2.3052623875723032E-008   0.0000000000000000     
   2.3075722697241793E-008   0.0000000000000000     
   2.3098821518760554E-008   0.0000000000000000     
   2.3121920340279315E-008   0.0000000000000000     
   2.3145019161798076E-008   0.0000000000000000     
   2.3168117983316836E-008   0.0000000000000000     
   2.3191216804835597E-008   0.0000000000000000     
   2.3214315626354358E-008   0.0000000000000000     
   2.3237414447873119E-008   0.0000000000000000     
   2.3260513269391880E-008   0.0000000000000000     
   2.3283612090910637E-008   0.0000000000000000     
   2.3306710912429398E-008   0.0000000000000000     
   2.3329809733948159E-008   0.0000000000000000     
   2.3352908555466920E-008   0.0000000000000000     
   2.3376007376985681E-008   0.0000000000000000     
   2.3399106198504442E-008   0.0000000000000000     
   2.3422205020023202E-008   0.0000000000000000     
   2.3445303841541963E-008   0.0000000000000000     
   2.3468402663060724E-008   0.0000000000000000     
   2.3491501484579485E-008   0.0000000000000000     
   2.3514600306098246E-008   0.0000000000000000     
   2.3537699127617003E-008   0.0000000000000000     
   2.3560797949135764E-008   0.0000000000000000     
   2.3583896770654525E-008   0.0000000000000000     
   2.3606995592173286E-008   0.0000000000000000     
   2.3630094413692047E-008   0.0000000000000000     
   2.3653193235210808E-008   0.0000000000000000     
   2.3676292056729569E-008   0.0000000000000000     
   2.3699390878248329E-008   0.0000000000000000     
   2.3722489699767090E-008   0.0000000000000000     
   2.3745588521285851E-008   0.0000000000000000     
   2.3768687342804612E-008   0.0000000000000000     
   2.3791786164323370E-008   0.0000000000000000     
   2.3814884985842130E-008   0.0000000000000000     
   2.3837983807360891E-008   0.0000000000000000     
   2.3861082628879652E-008   0.0000000000000000     
   2.3884181450398413E-008   0.0000000000000000     
   2.3907280271917174E-008   0.0000000000000000     
   2.3930379093435935E-008   0.0000000000000000     
   2.3953477914954696E-008   0.0000000000000000     
   2.3976576736473456E-008   0.0000000000000000     
   2.3999675557992217E-008   0.0000000000000000     
   2.4022774379510978E-008   0.0000000000000000     
   2.4045873201029736E-008   0.0000000000000000     
   2.4068972022548496E-008   0.0000000000000000     
   2.4092070844067257E-008   0.0000000000000000     
   2.4115169665586018E-008   0.0000000000000000     
   2.4138268487104779E-008   0.0000000000000000     
   2.4161367308623540E-008   0.0000000000000000     
   2.4184466130142301E-008   0.0000000000000000     
   2.4207564951661062E-008   0.0000000000000000     
   2.4230663773179822E-008   0.0000000000000000     
   2.4253762594698583E-008   0.0000000000000000     
   2.4276861416217344E-008   0.0000000000000000     
   2.4299960237736102E-008   0.0000000000000000     
   2.4323059059254863E-008   0.0000000000000000     
   2.4346157880773623E-008   0.0000000000000000     
   2.4369256702292384E-008   0.0000000000000000     
   2.4392355523811145E-008   0.0000000000000000     
   2.4415454345329906E-008   0.0000000000000000     
   2.4438553166848667E-008   0.0000000000000000     
   2.4461651988367428E-008   0.0000000000000000     
   2.4484750809886189E-008   0.0000000000000000     
   2.4507849631404949E-008   0.0000000000000000     
   2.4530948452923710E-008   0.0000000000000000     
   2.4554047274442468E-008   0.0000000000000000     
   2.4577146095961229E-008   0.0000000000000000     
   2.4600244917479990E-008   0.0000000000000000     
   2.4623343738998750E-008   0.0000000000000000     
   2.4646442560517511E-008   0.0000000000000000     
   2.4669541382036272E-008   0.0000000000000000     
   2.4692640203555033E-008   0.0000000000000000     
   2.4715739025073794E-008   0.0000000000000000     
   2.4738837846592555E-008   0.0000000000000000     
   2.4761936668111316E-008   0.0000000000000000     
   2.4785035489630076E-008   0.0000000000000000     
   2.4808134311148834E-008   0.0000000000000000     
   2.4831233132667595E-008   0.0000000000000000     
   2.4854331954186356E-008   0.0000000000000000     
   2.4877430775705116E-008   0.0000000000000000     
   2.4900529597223877E-008   0.0000000000000000     
   2.4923628418742638E-008   0.0000000000000000     
   2.4946727240261399E-008   0.0000000000000000     
   2.4969826061780160E-008   0.0000000000000000     
   2.4992924883298921E-008   0.0000000000000000     
   2.5016023704817682E-008   0.0000000000000000     
   2.5039122526336442E-008   0.0000000000000000     
   2.5062221347855200E-008   0.0000000000000000     
   2.5085320169373961E-008   0.0000000000000000     
   2.5108418990892722E-008   0.0000000000000000     
   2.5131517812411483E-008   0.0000000000000000     
   2.5154616633930243E-008   0.0000000000000000     
   2.5177715455449004E-008   0.0000000000000000     
   2.5200814276967765E-008   0.0000000000000000     
   2.5223913098486526E-008   0.0000000000000000     
   2.5247011920005287E-008   0.0000000000000000     
   2.5270110741524048E-008   0.0000000000000000     
   2.5293209563042809E-008   0.0000000000000000     
   2.5316308384561566E-008   0.0000000000000000     
   2.5339407206080327E-008   0.0000000000000000     
   2.5362506027599088E-008   0.0000000000000000     
   2.5385604849117849E-008   0.0000000000000000     
   2.5408703670636610E-008   0.0000000000000000     
   2.5431802492155370E-008   0.0000000000000000     
   2.5454901313674131E-008   0.0000000000000000     
   2.5478000135192892E-008   0.0000000000000000     
   2.5501098956711653E-008   0.0000000000000000     
   2.5524197778230414E-008   0.0000000000000000     
   2.5547296599749175E-008   0.0000000000000000     
   2.5570395421267932E-008   0.0000000000000000     
   2.5593494242786693E-008   0.0000000000000000     
   2.5616593064305454E-008   0.0000000000000000     
   2.5639691885824215E-008   0.0000000000000000     
   2.5662790707342976E-008   0.0000000000000000     
   2.5685889528861736E-008   0.0000000000000000     
   2.5708988350380497E-008   0.0000000000000000     
   2.5732087171899258E-008   0.0000000000000000     
   2.5755185993418019E-008   0.0000000000000000     
   2.5778284814936780E-008   0.0000000000000000     
   2.5801383636455541E-008   0.0000000000000000     
   2.5824482457974298E-008   0.0000000000000000     
   2.5847581279493059E-008   0.0000000000000000     
   2.5870680101011820E-008   0.0000000000000000     
   2.5893778922530581E-008   0.0000000000000000     
   2.5916877744049342E-008   0.0000000000000000     
   2.5939976565568103E-008   0.0000000000000000     
   2.5963075387086863E-008   0.0000000000000000     
   2.5986174208605624E-008   0.0000000000000000     
   2.6009273030124385E-008   0.0000000000000000     
   2.6032371851643146E-008   0.0000000000000000     
   2.6055470673161907E-008   0.0000000000000000     
   2.6078569494680664E-008   0.0000000000000000     
   2.6101668316199425E-008   0.0000000000000000     
   2.6124767137718186E-008   0.0000000000000000     
   2.6147865959236947E-008   0.0000000000000000     
   2.6170964780755708E-008   0.0000000000000000     
   2.6194063602274469E-008   0.0000000000000000     
   2.6217162423793230E-008   0.0000000000000000     
   2.6240261245311990E-008   0.0000000000000000     
   2.6263360066830751E-008   0.0000000000000000     
   2.6286458888349512E-008   0.0000000000000000     
   2.6309557709868273E-008   0.0000000000000000     
   2.6332656531387030E-008   0.0000000000000000     
   2.6355755352905791E-008   0.0000000000000000     
   2.6378854174424552E-008   0.0000000000000000     
   2.6401952995943313E-008   0.0000000000000000     
   2.6425051817462074E-008   0.0000000000000000     
   2.6448150638980835E-008   0.0000000000000000     
   2.6471249460499596E-008   0.0000000000000000     
   2.6494348282018356E-008   0.0000000000000000     
   2.6517447103537117E-008   0.0000000000000000     
   2.6540545925055878E-008   0.0000000000000000     
   2.6563644746574639E-008   0.0000000000000000     
   2.6586743568093397E-008   0.0000000000000000     
   2.6609842389612157E-008   0.0000000000000000     
   2.6632941211130918E-008   0.0000000000000000     
   2.6656040032649679E-008   0.0000000000000000     
   2.6679138854168440E-008   0.0000000000000000     
   2.6702237675687201E-008   0.0000000000000000     
   2.6725336497205962E-008   0.0000000000000000     
   2.6748435318724723E-008   0.0000000000000000     
   2.6771534140243483E-008   0.0000000000000000     
   2.6794632961762244E-008   0.0000000000000000     
   2.6817731783281005E-008   0.0000000000000000     
   2.6840830604799763E-008   0.0000000000000000     
   2.6863929426318524E-008   0.0000000000000000     
   2.6887028247837284E-008   0.0000000000000000     
   2.6910127069356045E-008   0.0000000000000000     
   2.6933225890874806E-008   0.0000000000000000     
   2.6956324712393567E-008   0.0000000000000000     
   2.6979423533912328E-008   0.0000000000000000     
   2.7002522355431089E-008   0.0000000000000000     
   2.7025621176949850E-008   0.0000000000000000     
   2.7048719998468610E-008   0.0000000000000000     
   2.7071818819987371E-008   0.0000000000000000     
   2.7094917641506129E-008   0.0000000000000000     
   2.7118016463024890E-008   0.0000000000000000     
   2.7141115284543650E-008   0.0000000000000000     
   2.7164214106062411E-008   0.0000000000000000     
   2.7187312927581172E-008   0.0000000000000000     
   2.7210411749099933E-008   0.0000000000000000     
   2.7233510570618694E-008   0.0000000000000000     
   2.7256609392137455E-008   0.0000000000000000     
   2.7279708213656216E-008   0.0000000000000000     
   2.7302807035174976E-008   0.0000000000000000     
   2.7325905856693737E-008   0.0000000000000000     
   2.7349004678212495E-008   0.0000000000000000     
   2.7372103499731256E-008   0.0000000000000000     
   2.7395202321250017E-008   0.0000000000000000     
   2.7418301142768777E-008   0.0000000000000000     
   2.7441399964287538E-008   0.0000000000000000     
   2.7464498785806299E-008   0.0000000000000000     
   2.7487597607325060E-008   0.0000000000000000     
   2.7510696428843821E-008   0.0000000000000000     
   2.7533795250362582E-008   0.0000000000000000     
   2.7556894071881343E-008   0.0000000000000000     
   2.7579992893400103E-008   0.0000000000000000     
   2.7603091714918861E-008   0.0000000000000000     
   2.7626190536437622E-008   0.0000000000000000     
   2.7649289357956383E-008   0.0000000000000000     
   2.7672388179475144E-008   0.0000000000000000     
   2.7695487000993904E-008   0.0000000000000000     
