   0.0000000000000000        9.9999999999999850E-004
   2.3098821518760554E-011   3.6206105097949309E-004
   4.6197643037521109E-011   3.0640447186318733E-004
   6.9296464556281660E-011   5.1346279695584042E-004
   9.2395286075042218E-011   7.4284252416209921E-004
   1.1549410759380278E-010   8.8564852992278247E-004
   1.3859292911256332E-010   8.8901572297811786E-004
   1.6169175063132389E-010   1.2316521426031443E-003
   1.8479057215008444E-010   1.5245925529728480E-003
   2.0788939366884498E-010   1.8653616517466066E-003
   2.3098821518760555E-010   2.1517131075561814E-003
   2.5408703670636610E-010   2.6225566311880479E-003
   2.7718585822512664E-010   3.2269237042212729E-003
   3.0028467974388718E-010   3.8044443007067223E-003
   3.2338350126264778E-010   4.4969209156506644E-003
   3.4648232278140833E-010   5.2826606531433430E-003
   3.6958114430016887E-010   6.2983461000989810E-003
   3.9267996581892942E-010   7.3385680554031926E-003
   4.1577878733768996E-010   8.5087162309737466E-003
   4.3887760885645056E-010   9.8519770561505265E-003
   4.6197643037521110E-010   1.1381619565740006E-002
   4.8507525189397165E-010   1.3069662151614952E-002
   5.0817407341273219E-010   1.4840752238431565E-002
   5.3127289493149274E-010   1.6853598287177862E-002
   5.5437171645025328E-010   1.9028711868177825E-002
   5.7747053796901382E-010   2.1383759513325870E-002
   6.0056935948777437E-010   2.3835670414869989E-002
   6.2366818100653502E-010   2.6456325488907695E-002
   6.4676700252529556E-010   2.9254356701047146E-002
   6.6986582404405611E-010   3.2128062812188524E-002
   6.9296464556281665E-010   3.5085171036878471E-002
   7.1606346708157720E-010   3.8072511152702493E-002
   7.3916228860033774E-010   4.1150160269025293E-002
   7.6226111011909829E-010   4.4181115837699680E-002
   7.8535993163785883E-010   4.7137857195079180E-002
   8.0845875315661938E-010   4.9991172311402210E-002
   8.3155757467537992E-010   5.2713668254932400E-002
   8.5465639619414046E-010   5.5253231782824597E-002
   8.7775521771290111E-010   5.7483439730291574E-002
   9.0085403923166166E-010   5.9434235805201907E-002
   9.2395286075042220E-010   6.1030277986697024E-002
   9.4705168226918264E-010   6.2246753703385282E-002
   9.7015050378794329E-010   6.2978812006099227E-002
   9.9324932530670394E-010   6.3218627960804685E-002
   1.0163481468254644E-009   6.2972196983048567E-002
   1.0394469683442250E-009   6.2171018683956691E-002
   1.0625457898629855E-009   6.0807415848532109E-002
   1.0856446113817461E-009   5.8840597871552713E-002
   1.1087434329005066E-009   5.6346972790234151E-002
   1.1318422544192672E-009   5.3290831039037978E-002
   1.1549410759380276E-009   4.9687945257590904E-002
   1.1780398974567883E-009   4.5570738620523410E-002
   1.2011387189755487E-009   4.0999548142937048E-002
   1.2242375404943094E-009   3.6044217948591917E-002
   1.2473363620130700E-009   3.0699406824971853E-002
   1.2704351835318305E-009   2.5072277626358996E-002
   1.2935340050505911E-009   1.9222692834642174E-002
   1.3166328265693516E-009   1.3254578690976238E-002
   1.3397316480881122E-009   7.1995557901961549E-003
   1.3628304696068727E-009   1.1365610216954591E-003
   1.3859292911256333E-009  -4.8220672854291102E-003
   1.4090281126443937E-009  -1.0622752967799132E-002
   1.4321269341631544E-009  -1.6189291733838096E-002
   1.4552257556819148E-009  -2.1498558035064175E-002
   1.4783245772006755E-009  -2.6438263006271279E-002
   1.5014233987194361E-009  -3.0977537025259183E-002
   1.5245222202381966E-009  -3.5084004337058938E-002
   1.5476210417569572E-009  -3.8736192283614468E-002
   1.5707198632757177E-009  -4.1903048443282187E-002
   1.5938186847944783E-009  -4.4539798051178026E-002
   1.6169175063132388E-009  -4.6690930580102874E-002
   1.6400163278319994E-009  -4.8341746819447584E-002
   1.6631151493507598E-009  -4.9515475152488442E-002
   1.6862139708695205E-009  -5.0198887571428319E-002
   1.7093127923882809E-009  -5.0445470149260485E-002
   1.7324116139070416E-009  -5.0300922334935660E-002
   1.7555104354258022E-009  -4.9774005733437487E-002
   1.7786092569445627E-009  -4.8910390787455182E-002
   1.8017080784633233E-009  -4.7737691664588244E-002
   1.8248068999820838E-009  -4.6340172121226875E-002
   1.8479057215008444E-009  -4.4723104766186683E-002
   1.8710045430196048E-009  -4.2929617983489016E-002
   1.8941033645383653E-009  -4.1001308080037158E-002
   1.9172021860571261E-009  -3.8988647622394401E-002
   1.9403010075758866E-009  -3.6929478988473874E-002
   1.9633998290946470E-009  -3.4818777467716444E-002
   1.9864986506134079E-009  -3.2716409763691182E-002
   2.0095974721321683E-009  -3.0638126726545742E-002
   2.0326962936509288E-009  -2.8620371680771806E-002
   2.0557951151696892E-009  -2.6649208586480608E-002
   2.0788939366884501E-009  -2.4749027623453677E-002
   2.1019927582072105E-009  -2.2950854728447941E-002
   2.1250915797259709E-009  -2.1246798777909422E-002
   2.1481904012447314E-009  -1.9644990002866028E-002
   2.1712892227634922E-009  -1.8127243108696973E-002
   2.1943880442822527E-009  -1.6733168392234408E-002
   2.2174868658010131E-009  -1.5442353554845075E-002
   2.2405856873197740E-009  -1.4248949872416480E-002
   2.2636845088385344E-009  -1.3144624040743600E-002
   2.2867833303572949E-009  -1.2135570536602211E-002
   2.3098821518760553E-009  -1.1231459050316686E-002
   2.3329809733948162E-009  -1.0393252431932981E-002
   2.3560797949135766E-009  -9.6333164937826461E-003
   2.3791786164323370E-009  -8.9396660272229242E-003
   2.4022774379510975E-009  -8.3274318752072571E-003
   2.4253762594698583E-009  -7.7667681905815474E-003
   2.4484750809886188E-009  -7.2494050896897786E-003
   2.4715739025073792E-009  -6.7891193932415493E-003
   2.4946727240261401E-009  -6.3743916829162375E-003
   2.5177715455449005E-009  -6.0060532715441317E-003
   2.5408703670636610E-009  -5.6530928346010352E-003
   2.5639691885824214E-009  -5.3421852402817018E-003
   2.5870680101011822E-009  -5.0629943936102992E-003
   2.6101668316199427E-009  -4.8100699030272226E-003
   2.6332656531387031E-009  -4.5711105261003080E-003
   2.6563644746574636E-009  -4.3471576186914522E-003
   2.6794632961762244E-009  -4.1580754865118011E-003
   2.7025621176949849E-009  -3.9757461485914226E-003
   2.7256609392137453E-009  -3.8072906042683260E-003
   2.7487597607325062E-009  -3.6423061531790633E-003
   2.7718585822512666E-009  -3.5026717003481598E-003
   2.7949574037700270E-009  -3.3731271163499991E-003
   2.8180562252887875E-009  -3.2418321022155798E-003
   2.8411550468075483E-009  -3.1213250456653750E-003
   2.8642538683263088E-009  -3.0089538298930861E-003
   2.8873526898450692E-009  -2.9151304662894317E-003
   2.9104515113638297E-009  -2.8106969710195284E-003
   2.9335503328825905E-009  -2.7150569296617668E-003
   2.9566491544013510E-009  -2.6277494146352120E-003
   2.9797479759201114E-009  -2.5503944549761992E-003
   3.0028467974388723E-009  -2.4724394214693949E-003
   3.0259456189576327E-009  -2.3883399841200903E-003
   3.0490444404763931E-009  -2.3220305040814789E-003
   3.0721432619951536E-009  -2.2559929274002777E-003
   3.0952420835139144E-009  -2.1948265207830920E-003
   3.1183409050326749E-009  -2.1247387607462704E-003
   3.1414397265514353E-009  -2.0667595485633693E-003
   3.1645385480701958E-009  -2.0169487125121237E-003
   3.1876373695889566E-009  -1.9619164280809966E-003
   3.2107361911077171E-009  -1.9085418275387150E-003
   3.2338350126264775E-009  -1.8550864158202096E-003
   3.2569338341452384E-009  -1.8188075899473780E-003
   3.2800326556639988E-009  -1.7741356235785749E-003
   3.3031314771827592E-009  -1.7312985802824970E-003
   3.3262302987015197E-009  -1.6920547864668228E-003
   3.3493291202202805E-009  -1.6630090967347487E-003
   3.3724279417390410E-009  -1.6373131253082931E-003
   3.3955267632578014E-009  -1.6019053018463244E-003
   3.4186255847765619E-009  -1.5781350177068987E-003
   3.4417244062953227E-009  -1.5561729671676977E-003
   3.4648232278140832E-009  -1.5414517914848298E-003
   3.4879220493328436E-009  -1.5172236194242127E-003
   3.5110208708516045E-009  -1.5002449817112145E-003
   3.5341196923703649E-009  -1.4964318444752841E-003
   3.5572185138891253E-009  -1.4961020928806195E-003
   3.5803173354078858E-009  -1.5025882854081292E-003
   3.6034161569266466E-009  -1.5107295880853295E-003
   3.6265149784454071E-009  -1.5411007188885465E-003
   3.6496137999641675E-009  -1.5734686734684899E-003
   3.6727126214829280E-009  -1.6101557712016074E-003
   3.6958114430016888E-009  -1.6523176039396892E-003
   3.7189102645204493E-009  -1.7109656929981539E-003
   3.7420090860392097E-009  -1.7877339156579109E-003
   3.7651079075579705E-009  -1.8691047355753998E-003
   3.7882067290767306E-009  -1.9698339888690663E-003
   3.8113055505954914E-009  -2.0845436506348792E-003
   3.8344043721142523E-009  -2.2232102746092665E-003
   3.8575031936330123E-009  -2.3627055169376954E-003
   3.8806020151517732E-009  -2.5175529658254168E-003
   3.9037008366705340E-009  -2.6989920950599156E-003
   3.9267996581892941E-009  -2.8937514106963541E-003
   3.9498984797080549E-009  -3.1134933943524476E-003
   3.9729973012268158E-009  -3.3361632669019359E-003
   3.9960961227455758E-009  -3.5763560082429139E-003
   4.0191949442643366E-009  -3.8393554781813921E-003
   4.0422937657830967E-009  -4.1024015073649290E-003
   4.0653925873018575E-009  -4.3715637326530374E-003
   4.0884914088206184E-009  -4.6668388875577074E-003
   4.1115902303393784E-009  -4.9561194574316110E-003
   4.1346890518581393E-009  -5.2464352862122967E-003
   4.1577878733769001E-009  -5.5399284580299381E-003
   4.1808866948956601E-009  -5.8033541879768868E-003
   4.2039855164144210E-009  -6.0887739957090226E-003
   4.2270843379331819E-009  -6.3511133884315667E-003
   4.2501831594519419E-009  -6.5781690365388145E-003
   4.2732819809707027E-009  -6.8018388381525094E-003
   4.2963808024894628E-009  -6.9861382746782639E-003
   4.3194796240082236E-009  -7.1423979179393816E-003
   4.3425784455269845E-009  -7.2586904796050657E-003
   4.3656772670457445E-009  -7.3417926173737083E-003
   4.3887760885645054E-009  -7.3848845157597478E-003
   4.4118749100832662E-009  -7.3768679275105836E-003
   4.4349737316020262E-009  -7.3254892985881144E-003
   4.4580725531207871E-009  -7.2170740107185046E-003
   4.4811713746395480E-009  -7.0704390370729502E-003
   4.5042701961583080E-009  -6.8851245594064850E-003
   4.5273690176770688E-009  -6.6364923366530647E-003
   4.5504678391958289E-009  -6.3406412786525899E-003
   4.5735666607145897E-009  -6.0156517365251962E-003
   4.5966654822333506E-009  -5.6470721180469970E-003
   4.6197643037521106E-009  -5.2425055480031305E-003
   4.6428631252708715E-009  -4.8052857071389033E-003
   4.6659619467896323E-009  -4.3487396625800983E-003
   4.6890607683083923E-009  -3.8684416500749047E-003
   4.7121595898271532E-009  -3.3680629709776600E-003
   4.7352584113459140E-009  -2.8722134414876132E-003
   4.7583572328646741E-009  -2.3623354033169399E-003
   4.7814560543834349E-009  -1.8649855047226523E-003
   4.8045548759021950E-009  -1.3698972741298570E-003
   4.8276536974209558E-009  -8.8298104644642214E-004
   4.8507525189397167E-009  -4.2451231744780507E-004
   4.8738513404584767E-009   1.3583042639348387E-005
   4.8969501619772375E-009   4.1868370216183425E-004
   4.9200489834959984E-009   8.1592889951725392E-004
   4.9431478050147584E-009   1.1669610604850005E-003
   4.9662466265335193E-009   1.4766680074640277E-003
   4.9893454480522801E-009   1.7623031502656432E-003
   5.0124442695710402E-009   2.0109515443626222E-003
   5.0355430910898010E-009   2.2296575061445498E-003
   5.0586419126085611E-009   2.3988632650102110E-003
   5.0817407341273219E-009   2.5474333649741238E-003
   5.1048395556460828E-009   2.6597648953080289E-003
   5.1279383771648428E-009   2.7381590982534453E-003
   5.1510371986836036E-009   2.7949685083642891E-003
   5.1741360202023645E-009   2.8198593926257163E-003
   5.1972348417211245E-009   2.8280274342381080E-003
   5.2203336632398854E-009   2.8068911763340951E-003
   5.2434324847586462E-009   2.7733571211928008E-003
   5.2665313062774063E-009   2.7225494682692856E-003
   5.2896301277961671E-009   2.6588067612808050E-003
   5.3127289493149271E-009   2.5890857080760081E-003
   5.3358277708336880E-009   2.5009120339596152E-003
   5.3589265923524489E-009   2.4098048839950939E-003
   5.3820254138712089E-009   2.3181458294106692E-003
   5.4051242353899697E-009   2.2274200400491957E-003
   5.4282230569087306E-009   2.1259911443242030E-003
   5.4513218784274906E-009   2.0204218662937404E-003
   5.4744206999462515E-009   1.9282496920805399E-003
   5.4975195214650123E-009   1.8387413843631579E-003
   5.5206183429837724E-009   1.7429712166725931E-003
   5.5437171645025332E-009   1.6482238493828836E-003
   5.5668159860212932E-009   1.5644958607685549E-003
   5.5899148075400541E-009   1.4877112552900680E-003
   5.6130136290588150E-009   1.4075449151047183E-003
   5.6361124505775750E-009   1.3308877057981255E-003
   5.6592112720963358E-009   1.2640133198201272E-003
   5.6823100936150967E-009   1.1985079965130482E-003
   5.7054089151338567E-009   1.1379132444758312E-003
   5.7285077366526176E-009   1.0791148931133558E-003
   5.7516065581713784E-009   1.0272369578561882E-003
   5.7747053796901385E-009   9.7686564951775506E-004
   5.7978042012088993E-009   9.2804806681028832E-004
   5.8209030227276593E-009   8.8754261693651409E-004
   5.8440018442464202E-009   8.4462355912469172E-004
   5.8671006657651810E-009   8.0927389509726823E-004
   5.8901994872839411E-009   7.7151110477859434E-004
   5.9132983088027019E-009   7.3859138650030141E-004
   5.9363971303214628E-009   7.0807335441556572E-004
   5.9594959518402228E-009   6.7883755620595028E-004
   5.9825947733589837E-009   6.5574278329733580E-004
   6.0056935948777445E-009   6.2342247990596219E-004
   6.0287924163965046E-009   6.0139539691240551E-004
   6.0518912379152654E-009   5.8031379887735332E-004
   6.0749900594340254E-009   5.6250101523214289E-004
   6.0980888809527863E-009   5.3831502983049369E-004
   6.1211877024715471E-009   5.1376731580668163E-004
   6.1442865239903072E-009   5.0469566100900653E-004
   6.1673853455090680E-009   4.8708237260013847E-004
   6.1904841670278289E-009   4.6975942556440250E-004
   6.2135829885465889E-009   4.4737327704644442E-004
   6.2366818100653498E-009   4.3895193700588985E-004
   6.2597806315841106E-009   4.2968142082637858E-004
   6.2828794531028706E-009   4.0977072468047920E-004
   6.3059782746216315E-009   3.9706185966758276E-004
   6.3290770961403915E-009   3.8402295522637519E-004
   6.3521759176591524E-009   3.8003514014689233E-004
   6.3752747391779132E-009   3.6299361699194651E-004
   6.3983735606966733E-009   3.5143838297813340E-004
   6.4214723822154341E-009   3.4350449373602592E-004
   6.4445712037341950E-009   3.3349609591520765E-004
   6.4676700252529550E-009   3.2633219959207630E-004
   6.4907688467717159E-009   3.1202214494910915E-004
   6.5138676682904767E-009   3.0852214007375938E-004
   6.5369664898092367E-009   2.9717845718326325E-004
   6.5600653113279976E-009   2.9056903941286757E-004
   6.5831641328467576E-009   2.8289804804861941E-004
   6.6062629543655185E-009   2.7427114723195366E-004
   6.6293617758842793E-009   2.6975722604485165E-004
   6.6524605974030394E-009   2.5867873724315398E-004
   6.6755594189218002E-009   2.5653292431657447E-004
   6.6986582404405611E-009   2.4702884005322999E-004
   6.7217570619593211E-009   2.4272441086258759E-004
   6.7448558834780820E-009   2.3601681164678266E-004
   6.7679547049968428E-009   2.2901829245264608E-004
   6.7910535265156028E-009   2.2597302517709749E-004
   6.8141523480343637E-009   2.1801024934837873E-004
   6.8372511695531237E-009   2.1652138610737010E-004
   6.8603499910718846E-009   2.0688898124300516E-004
   6.8834488125906454E-009   2.0374378809905202E-004
   6.9065476341094055E-009   2.0029183652765917E-004
   6.9296464556281663E-009   1.9605788557334404E-004
   6.9527452771469272E-009   1.9061616038499991E-004
   6.9758440986656872E-009   1.8227659636561473E-004
   6.9989429201844480E-009   1.8448803567746490E-004
   7.0220417417032089E-009   1.7959187247731584E-004
   7.0451405632219689E-009   1.7398674563296531E-004
   7.0682393847407298E-009   1.6662968712691332E-004
   7.0913382062594898E-009   1.6687004344373597E-004
   7.1144370277782507E-009   1.6748436894580755E-004
   7.1375358492970115E-009   1.5794682790342871E-004
   7.1606346708157716E-009   1.5345595710096422E-004
   7.1837334923345324E-009   1.5185764718329269E-004
   7.2068323138532933E-009   1.5432079630373337E-004
   7.2299311353720533E-009   1.4640473767365772E-004
   7.2530299568908141E-009   1.3957775125591498E-004
   7.2761287784095750E-009   1.4065463802584736E-004
   7.2992275999283350E-009   1.4054547418176542E-004
   7.3223264214470959E-009   1.3656557433570723E-004
   7.3454252429658559E-009   1.2817312638858049E-004
   7.3685240644846168E-009   1.2940969019004439E-004
   7.3916228860033776E-009   1.2962144347671386E-004
   7.4147217075221376E-009   1.2553948441429297E-004
   7.4378205290408985E-009   1.2004619291976149E-004
   7.4609193505596585E-009   1.1835681864247632E-004
   7.4840181720784194E-009   1.2003557855931985E-004
   7.5071169935971802E-009   1.1559377550406258E-004
   7.5302158151159411E-009   1.1199337639347944E-004
   7.5533146366347019E-009   1.0993303748830813E-004
   7.5764134581534612E-009   1.0999112652903818E-004
   7.5995122796722220E-009   1.0757129583123117E-004
   7.6226111011909829E-009   1.0384281589837382E-004
   7.6457099227097437E-009   1.0282300201275151E-004
   7.6688087442285046E-009   1.0123275824951534E-004
   7.6919075657472654E-009   9.9608703231578708E-005
   7.7150063872660246E-009   9.7064825178130257E-005
   7.7381052087847855E-009   9.5603346672008360E-005
   7.7612040303035463E-009   9.4167475192372181E-005
   7.7843028518223072E-009   9.2062651803388648E-005
   7.8074016733410680E-009   9.0691709017038998E-005
   7.8305004948598272E-009   8.9218946144652275E-005
   7.8535993163785881E-009   8.7483685999048246E-005
   7.8766981378973490E-009   8.5885139795136427E-005
   7.8997969594161098E-009   8.4307935855824819E-005
   7.9228957809348707E-009   8.3355366830926668E-005
   7.9459946024536315E-009   8.1631174964746187E-005
   7.9690934239723907E-009   8.0136301940839769E-005
   7.9921922454911516E-009   7.8941541002581806E-005
   8.0152910670099124E-009   7.7188232754926830E-005
   8.0383898885286733E-009   7.6713811442706534E-005
   8.0614887100474341E-009   7.4982611897650206E-005
   8.0845875315661933E-009   7.3898092897459137E-005
   8.1076863530849542E-009   7.1840287935529318E-005
   8.1307851746037151E-009   7.1335487821106379E-005
   8.1538839961224759E-009   7.1323197840521263E-005
   8.1769828176412368E-009   6.8641273068365861E-005
   8.2000816391599976E-009   6.7308141031442492E-005
   8.2231804606787568E-009   6.6133853580140067E-005
   8.2462792821975177E-009   6.7655202742297751E-005
   8.2693781037162785E-009   6.4842131155879668E-005
   8.2924769252350394E-009   6.1982080657768825E-005
   8.3155757467538002E-009   6.2413738800335729E-005
   8.3386745682725594E-009   6.3116145741790256E-005
   8.3617733897913203E-009   6.2287432296858977E-005
   8.3848722113100811E-009   5.6969768155860754E-005
   8.4079710328288420E-009   5.8418654920311812E-005
   8.4310698543476029E-009   5.9783108074310684E-005
   8.4541686758663637E-009   5.8627658373837706E-005
   8.4772674973851229E-009   5.4158538469287604E-005
   8.5003663189038838E-009   5.3136624550226180E-005
   8.5234651404226446E-009   5.7612962445401896E-005
   8.5465639619414055E-009   5.4789677632852561E-005
   8.5696627834601663E-009   5.1541814302390606E-005
   8.5927616049789255E-009   4.9260876282090305E-005
   8.6158604264976864E-009   5.3794273706058639E-005
   8.6389592480164472E-009   5.3088502293636125E-005
   8.6620580695352081E-009   4.7446137862848076E-005
   8.6851568910539690E-009   4.7328246434644729E-005
   8.7082557125727298E-009   4.9152761495272343E-005
   8.7313545340914890E-009   5.1441668256455093E-005
   8.7544533556102499E-009   4.4634368565313773E-005
   8.7775521771290107E-009   4.4146439019878862E-005
   8.8006509986477716E-009   4.6776224766270402E-005
   8.8237498201665324E-009   4.7503241743845329E-005
   8.8468486416852916E-009   4.4108438025068465E-005
   8.8699474632040525E-009   4.0020276244447808E-005
   8.8930462847228133E-009   4.5028347789325940E-005
   8.9161451062415742E-009   4.4091590830925033E-005
   8.9392439277603350E-009   4.2272351628035904E-005
   8.9623427492790959E-009   3.8456084634321584E-005
   8.9854415707978551E-009   4.1003072785508185E-005
   9.0085403923166160E-009   4.3082244459996488E-005
   9.0316392138353768E-009   3.8646811558311854E-005
   9.0547380353541377E-009   3.8216781786520301E-005
   9.0778368568728985E-009   3.7303211371971702E-005
   9.1009356783916577E-009   4.0996594542352428E-005
   9.1240344999104186E-009   3.7059943746996972E-005
   9.1471333214291794E-009   3.5643543666766043E-005
   9.1702321429479403E-009   3.6581236706098943E-005
   9.1933309644667011E-009   3.6670713345927758E-005
   9.2164297859854620E-009   3.7056208338793353E-005
   9.2395286075042212E-009   3.2678469596127210E-005
   9.2626274290229821E-009   3.5531867420955853E-005
   9.2857262505417429E-009   3.4163156120424773E-005
   9.3088250720605038E-009   3.4609348686564092E-005
   9.3319238935792646E-009   3.2605161380222476E-005
   9.3550227150980238E-009   3.2021264063348570E-005
   9.3781215366167847E-009   3.3976987743222820E-005
   9.4012203581355455E-009   3.1013890475426539E-005
   9.4243191796543064E-009   3.2574525533709890E-005
   9.4474180011730672E-009   2.9849849606584289E-005
   9.4705168226918281E-009   3.1876459837523911E-005
   9.4936156442105873E-009   3.0239425632957546E-005
   9.5167144657293481E-009   2.9630484126453613E-005
   9.5398132872481090E-009   3.0373009336999268E-005
   9.5629121087668699E-009   2.8208929301541577E-005
   9.5860109302856307E-009   3.0264372877248704E-005
   9.6091097518043899E-009   2.7200525258509390E-005
   9.6322085733231508E-009   2.9315126312410889E-005
   9.6553073948419116E-009   2.7241947872500571E-005
   9.6784062163606725E-009   2.7495144014798642E-005
   9.7015050378794333E-009   2.7645038523212259E-005
   9.7246038593981942E-009   2.5975310259303544E-005
   9.7477026809169534E-009   2.7791370282800358E-005
   9.7708015024357142E-009   2.4710141221199491E-005
   9.7939003239544751E-009   2.7090626883144163E-005
   9.8169991454732360E-009   2.4713467332539097E-005
   9.8400979669919968E-009   2.5685783314926027E-005
   9.8631967885107560E-009   2.5075596559395985E-005
   9.8862956100295169E-009   2.3909087504158475E-005
   9.9093944315482777E-009   2.5404447975363540E-005
   9.9324932530670386E-009   2.2756048037373040E-005
   9.9555920745857994E-009   2.5258679594974026E-005
   9.9786908961045603E-009   2.2330654822957703E-005
   1.0001789717623319E-008   2.3694490397183718E-005
   1.0024888539142080E-008   2.2753548671938975E-005
   1.0047987360660841E-008   2.2650309338235977E-005
   1.0071086182179602E-008   2.3316645649769646E-005
   1.0094185003698363E-008   2.0468652798734070E-005
   1.0117283825217122E-008   2.3139541511682524E-005
   1.0140382646735883E-008   2.0942106570922751E-005
   1.0163481468254644E-008   2.2562385344522078E-005
   1.0186580289773405E-008   1.9932832924673489E-005
   1.0209679111292166E-008   2.0569245509189871E-005
   1.0232777932810926E-008   2.2021566253722675E-005
   1.0255876754329686E-008   1.9855607493194169E-005
   1.0278975575848446E-008   2.0582971676519333E-005
   1.0302074397367207E-008   1.8060760544239474E-005
   1.0325173218885968E-008   2.1865680719918183E-005
   1.0348272040404729E-008   1.9455252007232081E-005
   1.0371370861923488E-008   1.8599630796678603E-005
   1.0394469683442249E-008   1.8407441907391751E-005
   1.0417568504961010E-008   1.9191605010260996E-005
   1.0440667326479771E-008   2.0854740833954486E-005
   1.0463766147998532E-008   1.6119912982249175E-005
   1.0486864969517292E-008   1.8245272170382727E-005
   1.0509963791036052E-008   1.8062054341672944E-005
   1.0533062612554813E-008   1.9925937681383026E-005
   1.0556161434073573E-008   1.6570101038515989E-005
   1.0579260255592334E-008   1.5429878660998606E-005
   1.0602359077111095E-008   1.9046121542572773E-005
   1.0625457898629854E-008   1.7732270442047827E-005
   1.0648556720148615E-008   1.7363525147018525E-005
   1.0671655541667376E-008   1.3615227488437638E-005
   1.0694754363186137E-008   1.8098319879225279E-005
   1.0717853184704898E-008   1.8033615317774179E-005
   1.0740952006223659E-008   1.5572762621580831E-005
   1.0764050827742418E-008   1.4381369679842953E-005
   1.0787149649261179E-008   1.5287337292359581E-005
   1.0810248470779939E-008   1.9163427837798239E-005
   1.0833347292298700E-008   1.4104279856806575E-005
   1.0856446113817461E-008   1.4023955336058372E-005
   1.0879544935336220E-008   1.4528480608332177E-005
   1.0902643756854981E-008   1.7690041368061186E-005
   1.0925742578373742E-008   1.5293400779013737E-005
   1.0948841399892503E-008   1.1614069792386278E-005
   1.0971940221411264E-008   1.5223832823959179E-005
   1.0995039042930025E-008   1.5674636270290229E-005
   1.1018137864448784E-008   1.5947541173966688E-005
   1.1041236685967545E-008   1.0861352426135785E-005
   1.1064335507486306E-008   1.3766460916788675E-005
   1.1087434329005066E-008   1.6080078474765100E-005
   1.1110533150523827E-008   1.4226764765781006E-005
   1.1133631972042586E-008   1.2120802218230869E-005
   1.1156730793561347E-008   1.1306244153759506E-005
   1.1179829615080108E-008   1.6512111381772434E-005
   1.1202928436598869E-008   1.3373002087094712E-005
   1.1226027258117630E-008   1.1787563671336231E-005
   1.1249126079636391E-008   1.1171954755180638E-005
   1.1272224901155150E-008   1.4507351221029638E-005
   1.1295323722673911E-008   1.4619032624035897E-005
   1.1318422544192672E-008   9.9977828187429635E-006
   1.1341521365711433E-008   1.1848647601285962E-005
   1.1364620187230193E-008   1.2719245093302531E-005
   1.1387719008748953E-008   1.4668452506920522E-005
   1.1410817830267713E-008   1.0104444614429458E-005
   1.1433916651786474E-008   1.0423425396990183E-005
   1.1457015473305235E-008   1.3158440007703536E-005
   1.1480114294823996E-008   1.2778981424408513E-005
   1.1503213116342757E-008   1.1461213789619120E-005
   1.1526311937861516E-008   8.7454395197313673E-006
   1.1549410759380277E-008   1.3091432962966441E-005
   1.1572509580899038E-008   1.2151737285412905E-005
   1.1595608402417799E-008   1.0934520142092689E-005
   1.1618707223936559E-008   9.3100305289262470E-006
   1.1641806045455319E-008   1.1043551670182246E-005
   1.1664904866974080E-008   1.3055147318952381E-005
   1.1688003688492840E-008   9.5028748790033307E-006
   1.1711102510011601E-008   1.0024802964429877E-005
   1.1734201331530362E-008   9.8283118767082693E-006
   1.1757300153049123E-008   1.2461377759581836E-005
   1.1780398974567882E-008   9.9332385167008507E-006
   1.1803497796086643E-008   8.7980917419243816E-006
   1.1826596617605404E-008   1.0490004417919330E-005
   1.1849695439124165E-008   1.0548831589970441E-005
   1.1872794260642926E-008   1.0907280389643497E-005
   1.1895893082161685E-008   7.8290926145598056E-006
   1.1918991903680446E-008   1.0281179800469932E-005
   1.1942090725199206E-008   1.0161123707734858E-005
   1.1965189546717967E-008   9.9893975190000530E-006
   1.1988288368236728E-008   8.7426088815962420E-006
   1.2011387189755489E-008   8.5967498592094585E-006
   1.2034486011274248E-008   1.0798470331132289E-005
   1.2057584832793009E-008   8.7169177294132892E-006
   1.2080683654311770E-008   9.2365604926219679E-006
   1.2103782475830531E-008   8.0725655398760938E-006
   1.2126881297349292E-008   9.9146283859723141E-006
   1.2149980118868051E-008   9.1604074480750373E-006
   1.2173078940386812E-008   8.0586873529753994E-006
   1.2196177761905573E-008   8.9198090470172676E-006
   1.2219276583424333E-008   8.3312272505771601E-006
   1.2242375404943094E-008   9.6417869132182736E-006
   1.2265474226461855E-008   7.4720525375356722E-006
   1.2288573047980614E-008   8.6478921937434524E-006
   1.2311671869499375E-008   8.3257665062866286E-006
   1.2334770691018136E-008   8.4782684674135925E-006
   1.2357869512536897E-008   8.3253052078770523E-006
   1.2380968334055658E-008   7.3498132180646598E-006
   1.2404067155574417E-008   8.8669205235424956E-006
   1.2427165977093178E-008   7.4556068852620090E-006
   1.2450264798611939E-008   8.4107643824465521E-006
   1.2473363620130700E-008   7.2807627965526026E-006
   1.2496462441649460E-008   7.9913128162966072E-006
   1.2519561263168221E-008   7.9256730210534042E-006
   1.2542660084686980E-008   7.2192121693453377E-006
   1.2565758906205741E-008   8.0459840890692194E-006
   1.2588857727724502E-008   6.8870199124888275E-006
   1.2611956549243263E-008   8.1055788447767452E-006
   1.2635055370762024E-008   6.8433998863757821E-006
   1.2658154192280783E-008   7.6020627732025662E-006
   1.2681253013799544E-008   7.1946371423016140E-006
   1.2704351835318305E-008   6.9977505228720323E-006
   1.2727450656837066E-008   7.5028770316239524E-006
   1.2750549478355826E-008   6.5411771765963421E-006
   1.2773648299874587E-008   7.6112365468742510E-006
   1.2796747121393347E-008   6.3651572150624212E-006
   1.2819845942912107E-008   7.2789649301356402E-006
   1.2842944764430868E-008   6.6394833024045348E-006
   1.2866043585949629E-008   6.7823453164247471E-006
   1.2889142407468390E-008   6.9073381408825649E-006
   1.2912241228987149E-008   6.2241048645010769E-006
   1.2935340050505910E-008   7.1377461097713740E-006
   1.2958438872024671E-008   6.0332522925098508E-006
   1.2981537693543432E-008   6.9414884689848008E-006
   1.3004636515062193E-008   6.0879807431263131E-006
   1.3027735336580953E-008   6.5220234901467102E-006
   1.3050834158099713E-008   6.4085619732216964E-006
   1.3073932979618473E-008   6.0321459096234364E-006
   1.3097031801137234E-008   6.6287591577093290E-006
   1.3120130622655995E-008   5.6664227174600886E-006
   1.3143229444174756E-008   6.5727261773882767E-006
   1.3166328265693515E-008   5.7334444243091097E-006
   1.3189427087212276E-008   6.3152638255966202E-006
   1.3212525908731037E-008   5.8377456593983432E-006
   1.3235624730249798E-008   5.7371179331337256E-006
   1.3258723551768559E-008   6.2335465985205758E-006
   1.3281822373287320E-008   5.5541823910836168E-006
   1.3304921194806079E-008   6.1185774331159384E-006
   1.3328020016324840E-008   5.1825538365487511E-006
   1.3351118837843600E-008   6.1057595664289478E-006
   1.3374217659362361E-008   5.6624335670484652E-006
   1.3397316480881122E-008   5.5076423070107089E-006
   1.3420415302399881E-008   5.4573401893961482E-006
   1.3443514123918642E-008   5.3349348118500464E-006
   1.3466612945437403E-008   6.1179648193919612E-006
   1.3489711766956164E-008   4.9523728120825826E-006
   1.3512810588474925E-008   5.3695001638263203E-006
   1.3535909409993686E-008   5.1663139629017831E-006
   1.3559008231512445E-008   5.8115932713722738E-006
   1.3582107053031206E-008   5.2351281962666903E-006
   1.3605205874549967E-008   4.5897873728122741E-006
   1.3628304696068727E-008   5.4517362922921601E-006
   1.3651403517587488E-008   5.3186894623977248E-006
   1.3674502339106247E-008   5.4429491108997883E-006
   1.3697601160625008E-008   4.2140018659524328E-006
   1.3720699982143769E-008   5.1137818904757922E-006
   1.3743798803662530E-008   5.5190732733643014E-006
   1.3766897625181291E-008   5.0094508215110940E-006
   1.3789996446700052E-008   4.4140718226214616E-006
   1.3813095268218811E-008   4.4065268260011145E-006
   1.3836194089737572E-008   5.7904628856474659E-006
   1.3859292911256333E-008   4.7900429425722428E-006
   1.3882391732775093E-008   4.2434676419423571E-006
   1.3905490554293854E-008   4.2277822283673115E-006
   1.3928589375812614E-008   5.4341045253237364E-006
   1.3951688197331374E-008   5.1599548775950028E-006
   1.3974787018850135E-008   3.6874799511980783E-006
   1.3997885840368896E-008   4.2594600424523759E-006
   1.4020984661887657E-008   5.0467247596310904E-006
   1.4044083483406418E-008   5.3366634266486428E-006
   1.4067182304925177E-008   3.5636951965150534E-006
   1.4090281126443938E-008   3.7955814781456817E-006
   1.4113379947962699E-008   5.1280883670937216E-006
   1.4136478769481460E-008   5.0868763106512813E-006
   1.4159577591000220E-008   3.7941158139583889E-006
   1.4182676412518980E-008   3.2060697320930826E-006
   1.4205775234037740E-008   5.1087371429639050E-006
   1.4228874055556501E-008   5.0700415719217327E-006
   1.4251972877075262E-008   3.7202615127384178E-006
   1.4275071698594023E-008   3.0436645280448765E-006
   1.4298170520112784E-008   4.6465902110362537E-006
   1.4321269341631543E-008   5.3706625797077993E-006
   1.4344368163150304E-008   3.4936695679829304E-006
   1.4367466984669065E-008   2.9557310340295818E-006
   1.4390565806187826E-008   4.2466330431744852E-006
   1.4413664627706587E-008   5.4263465573868106E-006
   1.4436763449225346E-008   3.6172008509125414E-006
   1.4459862270744107E-008   2.5705713075041250E-006
   1.4482961092262867E-008   4.1148060399950278E-006
   1.4506059913781628E-008   5.2294014938510103E-006
   1.4529158735300389E-008   3.8920788060668351E-006
   1.4552257556819150E-008   2.2349826318142299E-006
   1.4575356378337909E-008   3.8399709948066812E-006
   1.4598455199856670E-008   5.1955568329982647E-006
   1.4621554021375431E-008   3.9514537947493608E-006
   1.4644652842894192E-008   2.1927039042447747E-006
   1.4667751664412953E-008   3.3465171963654424E-006
   1.4690850485931712E-008   5.2485142456172013E-006
   1.4713949307450473E-008   3.9867807316128234E-006
   1.4737048128969234E-008   2.1594988270541198E-006
   1.4760146950487994E-008   2.9642051984837015E-006
   1.4783245772006755E-008   5.0923544674551081E-006
   1.4806344593525516E-008   4.2040896072089302E-006
   1.4829443415044275E-008   2.0263182205095970E-006
   1.4852542236563036E-008   2.6987966854790950E-006
   1.4875641058081797E-008   4.8362512887174328E-006
   1.4898739879600558E-008   4.4068084604877365E-006
   1.4921838701119317E-008   2.0114731305853585E-006
   1.4944937522638078E-008   2.3519048108886229E-006
   1.4968036344156839E-008   4.6438710386653942E-006
   1.4991135165675600E-008   4.4953308181429696E-006
   1.5014233987194360E-008   2.1170489120330569E-006
   1.5037332808713121E-008   2.0038356623352757E-006
   1.5060431630231882E-008   4.3965603704253278E-006
   1.5083530451750643E-008   4.6044139647354336E-006
   1.5106629273269404E-008   2.2034577201061486E-006
   1.5129728094788165E-008   1.7580349653745330E-006
   1.5152826916306922E-008   4.0645207048399284E-006
   1.5175925737825683E-008   4.6994713026306388E-006
   1.5199024559344444E-008   2.3409174699368248E-006
   1.5222123380863205E-008   1.5134545820551772E-006
   1.5245222202381966E-008   3.7673892107265478E-006
   1.5268321023900727E-008   4.6881073747324141E-006
   1.5291419845419487E-008   2.5572168537816800E-006
   1.5314518666938248E-008   1.2985561497336521E-006
   1.5337617488457009E-008   3.4341073836323559E-006
   1.5360716309975770E-008   4.6884293004910528E-006
   1.5383815131494531E-008   2.7032559472962709E-006
   1.5406913953013288E-008   1.2399192029931116E-006
   1.5430012774532049E-008   2.9973944877646140E-006
   1.5453111596050810E-008   4.7079633241168287E-006
   1.5476210417569571E-008   2.8353040555990299E-006
   1.5499309239088332E-008   1.2009380268961643E-006
   1.5522408060607093E-008   2.6540440999568502E-006
   1.5545506882125854E-008   4.5455145857125188E-006
   1.5568605703644614E-008   3.1195359410604716E-006
   1.5591704525163375E-008   1.0651775264421838E-006
   1.5614803346682136E-008   2.4392212399170249E-006
   1.5637902168200897E-008   4.2814357216976118E-006
   1.5661000989719654E-008   3.3709934031348077E-006
   1.5684099811238415E-008   1.0755662980906612E-006
   1.5707198632757176E-008   2.0845920574702564E-006
   1.5730297454275937E-008   4.1800201961317532E-006
   1.5753396275794698E-008   3.3877088392533664E-006
   1.5776495097313459E-008   1.3124949515009892E-006
   1.5799593918832220E-008   1.6423818922250576E-006
   1.5822692740350980E-008   4.0726766224019782E-006
   1.5845791561869741E-008   3.4446778572694343E-006
   1.5868890383388502E-008   1.4219837333763853E-006
   1.5891989204907263E-008   1.4727988773661145E-006
   1.5915088026426021E-008   3.6685030160275782E-006
   1.5938186847944781E-008   3.7237672126988673E-006
   1.5961285669463542E-008   1.3576421588252631E-006
   1.5984384490982303E-008   1.4545498326641890E-006
   1.6007483312501064E-008   3.2527525577393532E-006
   1.6030582134019825E-008   3.8338313167397860E-006
   1.6053680955538586E-008   1.5466960260505108E-006
   1.6076779777057347E-008   1.1779363229600746E-006
   1.6099878598576107E-008   3.1511898800006405E-006
   1.6122977420094868E-008   3.6101230576056701E-006
   1.6146076241613629E-008   1.9540604761922234E-006
   1.6169175063132387E-008   8.6154189844931781E-007
   1.6192273884651148E-008   2.9916796470247021E-006
   1.6215372706169908E-008   3.5381428617569345E-006
   1.6238471527688669E-008   2.0579012988458840E-006
   1.6261570349207430E-008   9.5698554780663719E-007
   1.6284669170726191E-008   2.4662720788680035E-006
   1.6307767992244952E-008   3.7381832554109719E-006
   1.6330866813763713E-008   1.9515030076105366E-006
   1.6353965635282474E-008   1.1423680315575123E-006
   1.6377064456801234E-008   2.0639136567854323E-006
   1.6400163278319995E-008   3.6341711310504212E-006
   1.6423262099838753E-008   2.1967812951869536E-006
   1.6446360921357514E-008   9.3161508729077804E-007
   1.6469459742876274E-008   2.0805509152281441E-006
   1.6492558564395035E-008   3.1635614414160921E-006
   1.6515657385913796E-008   2.5883662998218743E-006
   1.6538756207432557E-008   7.3179358744847965E-007
   1.6561855028951318E-008   1.9324009915258849E-006
   1.6584953850470079E-008   2.9844577036228474E-006
   1.6608052671988840E-008   2.5023562062435522E-006
   1.6631151493507600E-008   1.0233620775319625E-006
   1.6654250315026361E-008   1.3783012339861745E-006
   1.6677349136545119E-008   3.1115495472884571E-006
   1.6700447958063880E-008   2.2541218687540828E-006
   1.6723546779582641E-008   1.3148195446976374E-006
   1.6746645601101401E-008   1.1442297483827866E-006
   1.6769744422620162E-008   2.8818397786555719E-006
   1.6792843244138923E-008   2.5470567931251601E-006
   1.6815942065657684E-008   1.1873218301520192E-006
   1.6839040887176445E-008   1.4884695822617872E-006
   1.6862139708695206E-008   2.4496707457675496E-006
   1.6885238530213967E-008   3.0369116249786461E-006
   1.6908337351732727E-008   1.3099823125729807E-006
   1.6931436173251485E-008   1.7115656300020976E-006
   1.6954534994770246E-008   2.6885589527712114E-006
   1.6977633816289007E-008   3.1997723679407576E-006
   1.7000732637807768E-008   2.3163359464234029E-006
   1.7023831459326528E-008   1.9608640619224965E-006
   1.7046930280845289E-008   3.7918187996248663E-006
   1.7070029102364050E-008   4.0122381573284020E-006
   1.7093127923882811E-008   4.0417179711556405E-006
   1.7116226745401572E-008   3.7017625680346094E-006
   1.7139325566920333E-008   5.6162630969836126E-006
   1.7162424388439094E-008   6.8039280486167555E-006
   1.7185523209957851E-008   6.7308588118789407E-006
   1.7208622031476612E-008   7.5842820487723327E-006
   1.7231720852995373E-008   9.0232352489094519E-006
   1.7254819674514134E-008   1.1531808523472320E-005
   1.7277918496032894E-008   1.1793391261250391E-005
   1.7301017317551655E-008   1.3395012596228232E-005
   1.7324116139070416E-008   1.5685381185602353E-005
   1.7347214960589177E-008   1.8549100876138749E-005
   1.7370313782107938E-008   2.0671822750735833E-005
   1.7393412603626699E-008   2.2333030902283270E-005
   1.7416511425145460E-008   2.6311254100847771E-005
   1.7439610246664217E-008   2.9489255024416883E-005
   1.7462709068182978E-008   3.3086941584914199E-005
   1.7485807889701739E-008   3.5607929231331550E-005
   1.7508906711220500E-008   3.9964460172468746E-005
   1.7532005532739261E-008   4.4589704565805475E-005
   1.7555104354258021E-008   4.8253302226056871E-005
   1.7578203175776782E-008   5.2508547409404446E-005
   1.7601301997295543E-008   5.6611365775817631E-005
   1.7624400818814304E-008   6.2505634499819573E-005
   1.7647499640333065E-008   6.6488344536433486E-005
   1.7670598461851826E-008   7.1073014754646251E-005
   1.7693697283370583E-008   7.5613479651232181E-005
   1.7716796104889344E-008   8.0580772876546065E-005
   1.7739894926408105E-008   8.5228884266992438E-005
   1.7762993747926866E-008   8.8337575036629538E-005
   1.7786092569445627E-008   9.2947171922943333E-005
   1.7809191390964388E-008   9.6416402555266227E-005
   1.7832290212483148E-008   1.0043408769267660E-004
   1.7855389034001909E-008   1.0264808794220767E-004
   1.7878487855520670E-008   1.0532379191637107E-004
   1.7901586677039431E-008   1.0795393209538529E-004
   1.7924685498558192E-008   1.0914526518351652E-004
   1.7947784320076949E-008   1.1031148687508782E-004
   1.7970883141595710E-008   1.0981554242315010E-004
   1.7993981963114471E-008   1.1059579169209476E-004
   1.8017080784633232E-008   1.0936928872123452E-004
   1.8040179606151993E-008   1.0813585252319797E-004
   1.8063278427670754E-008   1.0609032304745320E-004
   1.8086377249189514E-008   1.0371396915715782E-004
   1.8109476070708275E-008   1.0132268259924323E-004
   1.8132574892227036E-008   9.6821682109646232E-005
   1.8155673713745797E-008   9.3253142415933508E-005
   1.8178772535264558E-008   8.8104245046051439E-005
   1.8201871356783315E-008   8.3807176989442436E-005
   1.8224970178302076E-008   7.8092603127314825E-005
   1.8248068999820837E-008   7.2505516801672933E-005
   1.8271167821339598E-008   6.7290092589125658E-005
   1.8294266642858359E-008   6.1035350885601730E-005
   1.8317365464377120E-008   5.5605286490442169E-005
   1.8340464285895881E-008   4.8526537423404555E-005
   1.8363563107414641E-008   4.3097756033307781E-005
   1.8386661928933402E-008   3.6578485527133893E-005
   1.8409760750452163E-008   3.0848516789338746E-005
   1.8432859571970924E-008   2.5178290128496868E-005
   1.8455958393489682E-008   1.9521607527076286E-005
   1.8479057215008442E-008   1.5128928773882972E-005
   1.8502156036527203E-008   9.4252680748706620E-006
   1.8525254858045964E-008   5.4390035732553814E-006
   1.8548353679564725E-008   3.8114482998004373E-007
   1.8571452501083486E-008  -3.0686298501615658E-006
   1.8594551322602247E-008  -6.7834986273489299E-006
   1.8617650144121008E-008  -9.9892200579043282E-006
   1.8640748965639768E-008  -1.2095839356827093E-005
   1.8663847787158529E-008  -1.4939039285657832E-005
   1.8686946608677290E-008  -1.6114542574718913E-005
   1.8710045430196048E-008  -1.8682809692195919E-005
   1.8733144251714808E-008  -1.9445013813901548E-005
   1.8756243073233569E-008  -2.0886756094831441E-005
   1.8779341894752330E-008  -2.1387470628704963E-005
   1.8802440716271091E-008  -2.1420194525944298E-005
   1.8825539537789852E-008  -2.1889764167215552E-005
   1.8848638359308613E-008  -2.0977696934336220E-005
   1.8871737180827374E-008  -2.1595032759305430E-005
   1.8894836002346134E-008  -2.0521652777550908E-005
   1.8917934823864895E-008  -2.0712032959144390E-005
   1.8941033645383656E-008  -1.9657283393872539E-005
   1.8964132466902414E-008  -1.8784736200630153E-005
   1.8987231288421175E-008  -1.8013615041759244E-005
   1.9010330109939935E-008  -1.6373715201952231E-005
   1.9033428931458696E-008  -1.6226088590405486E-005
   1.9056527752977457E-008  -1.4564754066769887E-005
   1.9079626574496218E-008  -1.4543646755344616E-005
   1.9102725396014979E-008  -1.3024674966762142E-005
   1.9125824217533740E-008  -1.2284052200808976E-005
   1.9148923039052501E-008  -1.1204047794279383E-005
   1.9172021860571261E-008  -9.7790163309817726E-006
   1.9195120682090022E-008  -9.5567001994058142E-006
   1.9218219503608780E-008  -8.0757470870772433E-006
   1.9241318325127541E-008  -8.3663113355467182E-006
   1.9264417146646302E-008  -6.9297446509114353E-006
   1.9287515968165062E-008  -6.6777067048314122E-006
   1.9310614789683823E-008  -5.5854534024085556E-006
   1.9333713611202584E-008  -4.7331867902502970E-006
   1.9356812432721345E-008  -4.6257699729868253E-006
   1.9379911254240106E-008  -3.5502701522509977E-006
   1.9403010075758867E-008  -4.1285009075619737E-006
   1.9426108897277628E-008  -2.8624149403993645E-006
   1.9449207718796388E-008  -3.0705190174585061E-006
   1.9472306540315146E-008  -1.9839157345150217E-006
   1.9495405361833907E-008  -1.6370881817916715E-006
   1.9518504183352668E-008  -1.5581487915181898E-006
   1.9541603004871428E-008  -9.4213591344014721E-007
   1.9564701826390189E-008  -1.5835937335243740E-006
   1.9587800647908950E-008  -4.8943286167279405E-007
   1.9610899469427711E-008  -9.1581031072227845E-007
   1.9633998290946472E-008   2.7392737706357483E-007
   1.9657097112465233E-008   2.4984178280680214E-008
   1.9680195933983994E-008   2.7665965512884632E-007
   1.9703294755502754E-008   5.3131796136922202E-007
   1.9726393577021512E-008  -1.2332694363676756E-007
   1.9749492398540273E-008   1.0415176867040458E-006
   1.9772591220059034E-008   3.5813288108261362E-007
   1.9795690041577795E-008   1.5497825073931429E-006
   1.9818788863096555E-008   1.2736928096287897E-006
   1.9841887684615316E-008   1.2212446161392593E-006
   1.9864986506134077E-008   1.2172842478656458E-006
   1.9888085327652838E-008   1.1997984291186965E-006
   1.9911184149171599E-008   1.6559593286804450E-006
   1.9934282970690360E-008   1.5352636545142464E-006
   1.9957381792209121E-008   2.5617451205678591E-006
   1.9980480613727878E-008   1.2108773753317708E-006
   2.0003579435246639E-008   2.6420903815483952E-006
   2.0026678256765400E-008   1.5875017809553781E-006
   2.0049777078284161E-008   1.3244190468249133E-006
   2.0072875899802922E-008   3.2943116570289365E-006
   2.0095974721321682E-008   1.5582309896043612E-006
   2.0119073542840443E-008   2.9029101930848589E-006
   2.0142172364359204E-008   2.6391219460100598E-006
   2.0165271185877965E-008   1.3782823357992355E-006
   2.0188370007396726E-008   2.6687720980777635E-006
   2.0211468828915487E-008   3.0821392857529545E-006
   2.0234567650434244E-008   1.2659309381034558E-006
   2.0257666471953005E-008   3.7725934245051628E-006
   2.0280765293471766E-008   2.9646326150877037E-006
   2.0303864114990527E-008   5.6249058882861492E-007
   2.0326962936509288E-008   4.6418975505569692E-006
   2.0350061758028048E-008   6.9512060565947065E-007
   2.0373160579546809E-008   2.3055846134094460E-006
   2.0396259401065570E-008   4.8962104829043961E-006
   2.0419358222584331E-008  -3.4822241901692162E-007
   2.0442457044103092E-008   2.7773107509649610E-006
   2.0465555865621853E-008   2.8109982098927050E-006
   2.0488654687140610E-008  -6.9887684975384617E-007
   2.0511753508659371E-008   2.6627156993515790E-006
   2.0534852330178132E-008   1.7098475628278083E-006
   2.0557951151696893E-008  -1.7712210737154182E-006
   2.0581049973215654E-008   2.4596868572699439E-006
   2.0604148794734415E-008  -1.5024268685527566E-006
   2.0627247616253175E-008  -3.2911548651232060E-006
   2.0650346437771936E-008   1.1796693767034869E-006
   2.0673445259290697E-008  -4.0496683741282444E-006
   2.0696544080809458E-008  -3.4252857279758769E-006
   2.0719642902328219E-008  -3.4982232530928884E-006
   2.0742741723846976E-008  -6.8299028827508741E-006
   2.0765840545365737E-008  -6.4482128300339987E-006
   2.0788939366884498E-008  -7.2923387794351181E-006
   2.0812038188403259E-008  -9.4319306115728743E-006
   2.0835137009922020E-008  -1.1183149129225732E-005
   2.0858235831440781E-008  -1.0713433608149954E-005
   2.0881334652959542E-008  -1.4491920859612541E-005
   2.0904433474478302E-008  -1.6268280397737487E-005
   2.0927532295997063E-008  -1.5529707821892163E-005
   2.0950631117515824E-008  -1.8239036081269509E-005
   2.0973729939034585E-008  -2.0828468851596738E-005
   2.0996828760553342E-008  -2.1070705198496481E-005
   2.1019927582072103E-008  -2.4112181310996469E-005
   2.1043026403590864E-008  -2.6484409431636394E-005
   2.1066125225109625E-008  -2.4616360630165165E-005
   2.1089224046628386E-008  -2.9956104450707892E-005
   2.1112322868147147E-008  -3.0572379276038037E-005
   2.1135421689665908E-008  -2.9847535544791721E-005
   2.1158520511184668E-008  -3.4383885482912850E-005
   2.1181619332703429E-008  -3.4525536385047563E-005
   2.1204718154222190E-008  -3.4948590970230514E-005
   2.1227816975740951E-008  -3.5730423362040424E-005
   2.1250915797259709E-008  -3.8147983797150846E-005
   2.1274014618778469E-008  -3.7873206705264289E-005
   2.1297113440297230E-008  -3.9433837478390971E-005
   2.1320212261815991E-008  -4.0658242665953686E-005
   2.1343311083334752E-008  -3.8094379302008515E-005
   2.1366409904853513E-008  -4.0818292636860471E-005
   2.1389508726372274E-008  -4.1627274078074912E-005
   2.1412607547891035E-008  -3.9661211726851992E-005
   2.1435706369409795E-008  -4.0186691162973769E-005
   2.1458805190928556E-008  -4.2004590033894918E-005
   2.1481904012447317E-008  -3.9356774666287891E-005
   2.1505002833966075E-008  -3.9210682919712824E-005
   2.1528101655484836E-008  -4.0686626563967427E-005
   2.1551200477003596E-008  -3.8712520283327920E-005
   2.1574299298522357E-008  -3.9433452360784980E-005
   2.1597398120041118E-008  -3.8355120955542397E-005
   2.1620496941559879E-008  -3.6863057744924899E-005
   2.1643595763078640E-008  -3.6050498311566038E-005
   2.1666694584597401E-008  -3.8081465460597213E-005
   2.1689793406116162E-008  -3.6064571292519075E-005
   2.1712892227634922E-008  -3.3247450032123887E-005
   2.1735991049153683E-008  -3.6162729861436889E-005
   2.1759089870672441E-008  -3.3591215005111301E-005
   2.1782188692191202E-008  -3.2471669370866889E-005
   2.1805287513709962E-008  -3.2777298831912145E-005
   2.1828386335228723E-008  -3.2421473150664001E-005
   2.1851485156747484E-008  -3.0957442922854787E-005
   2.1874583978266245E-008  -3.0342445461510983E-005
   2.1897682799785006E-008  -3.0332478227820432E-005
   2.1920781621303767E-008  -2.7914233526673653E-005
   2.1943880442822528E-008  -3.0314837987915165E-005
   2.1966979264341288E-008  -2.9103021507404851E-005
   2.1990078085860049E-008  -2.5951586158619936E-005
   2.2013176907378807E-008  -2.6427316419254245E-005
   2.2036275728897568E-008  -2.7734070520393665E-005
   2.2059374550416329E-008  -2.5857075312965672E-005
   2.2082473371935089E-008  -2.4226480772578281E-005
   2.2105572193453850E-008  -2.6180829241593384E-005
   2.2128671014972611E-008  -2.4009720416154967E-005
   2.2151769836491372E-008  -2.3507883249929938E-005
   2.2174868658010133E-008  -2.3583423959953886E-005
   2.2197967479528894E-008  -2.2907271371447577E-005
   2.2221066301047655E-008  -2.2360399938310530E-005
   2.2244165122566415E-008  -2.2750398205583078E-005
   2.2267263944085173E-008  -2.1674448296588808E-005
   2.2290362765603934E-008  -1.9141109794068177E-005
   2.2313461587122695E-008  -2.2606130182329011E-005
   2.2336560408641456E-008  -2.1669811299067663E-005
   2.2359659230160216E-008  -1.8948657460843125E-005
   2.2382758051678977E-008  -1.8939434709623614E-005
   2.2405856873197738E-008  -2.0306611461562093E-005
   2.2428955694716499E-008  -1.9547643394184736E-005
   2.2452054516235260E-008  -1.7744318841518090E-005
   2.2475153337754021E-008  -1.9859994691589055E-005
   2.2498252159272782E-008  -1.7738451662126586E-005
   2.2521350980791539E-008  -1.7904669216015587E-005
   2.2544449802310300E-008  -1.8105992008043002E-005
   2.2567548623829061E-008  -1.6832837752297950E-005
   2.2590647445347822E-008  -1.7204174306021853E-005
   2.2613746266866582E-008  -1.7851213876082754E-005
   2.2636845088385343E-008  -1.7466199620152614E-005
   2.2659943909904104E-008  -1.4117374139194556E-005
   2.2683042731422865E-008  -1.7131115091284016E-005
   2.2706141552941626E-008  -1.7965501983582826E-005
   2.2729240374460387E-008  -1.5062702784490826E-005
   2.2752339195979148E-008  -1.4613420664997174E-005
   2.2775438017497905E-008  -1.5908513455063034E-005
   2.2798536839016666E-008  -1.6189446917813101E-005
   2.2821635660535427E-008  -1.4424032104260058E-005
   2.2844734482054188E-008  -1.5768125057158394E-005
   2.2867833303572949E-008  -1.4479847104310317E-005
   2.2890932125091709E-008  -1.4298415074497111E-005
   2.2914030946610470E-008  -1.4970246110232895E-005
   2.2937129768129231E-008  -1.4113003279484511E-005
   2.2960228589647992E-008  -1.3595552414905609E-005
   2.2983327411166753E-008  -1.4781270422681639E-005
   2.3006426232685514E-008  -1.5314838060240155E-005
   2.3029525054204271E-008  -1.1462244803977289E-005
   2.3052623875723032E-008  -1.3214951651624651E-005
   2.3075722697241793E-008  -1.5196283793438986E-005
   2.3098821518760554E-008  -1.3789633897692126E-005
   2.3121920340279315E-008  -1.1629638461282026E-005
   2.3145019161798076E-008  -1.2785364108304463E-005
   2.3168117983316836E-008  -1.4446523633199291E-005
   2.3191216804835597E-008  -1.2017190693292830E-005
   2.3214315626354358E-008  -1.3204118281079017E-005
   2.3237414447873119E-008  -1.2113812444766447E-005
   2.3260513269391880E-008  -1.2127629552081160E-005
   2.3283612090910637E-008  -1.2802580590981157E-005
   2.3306710912429398E-008  -1.2531616996443741E-005
   2.3329809733948159E-008  -1.1880468916209411E-005
   2.3352908555466920E-008  -1.1263377623675167E-005
   2.3376007376985681E-008  -1.3862823609196057E-005
   2.3399106198504442E-008  -1.0606487713056037E-005
   2.3422205020023202E-008  -1.0248503383512761E-005
   2.3445303841541963E-008  -1.2948934021968872E-005
   2.3468402663060724E-008  -1.2865915640307666E-005
   2.3491501484579485E-008  -1.0206713429683013E-005
   2.3514600306098246E-008  -9.0866346541908620E-006
   2.3537699127617003E-008  -1.2250001602961380E-005
   2.3560797949135764E-008  -1.0474399459922031E-005
   2.3583896770654525E-008  -9.6748489450601826E-006
   2.3606995592173286E-008  -9.5660458742312575E-006
   2.3630094413692047E-008  -9.3564838022234554E-006
   2.3653193235210808E-008  -9.4396485754472096E-006
   2.3676292056729569E-008  -9.1117269338464135E-006
   2.3699390878248329E-008  -8.1785450900352514E-006
   2.3722489699767090E-008  -5.9140775956044884E-006
   2.3745588521285851E-008  -7.5009449434448174E-006
   2.3768687342804612E-008  -6.5061681276817969E-006
   2.3791786164323370E-008  -3.7640716008260418E-006
   2.3814884985842130E-008  -2.7682493790485326E-006
   2.3837983807360891E-008  -3.6518426870022106E-006
   2.3861082628879652E-008  -4.3218381633859043E-007
   2.3884181450398413E-008   3.8260492374906634E-006
   2.3907280271917174E-008   2.5988324940850137E-006
   2.3930379093435935E-008   4.8559720052493197E-006
   2.3953477914954696E-008   8.8609622999227231E-006
   2.3976576736473456E-008   1.3320310255198280E-005
   2.3999675557992217E-008   1.5074040206750086E-005
   2.4022774379510978E-008   1.8522473763523305E-005
   2.4045873201029736E-008   2.3538088762881343E-005
   2.4068972022548496E-008   2.7200528520872138E-005
   2.4092070844067257E-008   3.3680023476586380E-005
   2.4115169665586018E-008   3.8463423711796878E-005
   2.4138268487104779E-008   4.4196042489917849E-005
   2.4161367308623540E-008   4.9398422198923707E-005
   2.4184466130142301E-008   5.8330919160204348E-005
   2.4207564951661062E-008   6.4241767653693484E-005
   2.4230663773179822E-008   6.9017852479378883E-005
   2.4253762594698583E-008   8.0870449228432817E-005
   2.4276861416217344E-008   8.6805345257990092E-005
   2.4299960237736102E-008   9.3280229417020471E-005
   2.4323059059254863E-008   1.0155324062097781E-004
   2.4346157880773623E-008   1.1084825075570287E-004
   2.4369256702292384E-008   1.1902576365733448E-004
   2.4392355523811145E-008   1.2392567625388502E-004
   2.4415454345329906E-008   1.3154044290840839E-004
   2.4438553166848667E-008   1.4023745206658109E-004
   2.4461651988367428E-008   1.4645069706207371E-004
   2.4484750809886189E-008   1.4965796667889343E-004
   2.4507849631404949E-008   1.5639914390933274E-004
   2.4530948452923710E-008   1.5894784408864790E-004
   2.4554047274442468E-008   1.6251198438624873E-004
   2.4577146095961229E-008   1.6730963797225430E-004
   2.4600244917479990E-008   1.6419983865076352E-004
   2.4623343738998750E-008   1.6503321938375991E-004
   2.4646442560517511E-008   1.6583855298115958E-004
   2.4669541382036272E-008   1.6241575404777911E-004
   2.4692640203555033E-008   1.5784104681359644E-004
   2.4715739025073794E-008   1.5427184634226484E-004
   2.4738837846592555E-008   1.4971131592207286E-004
   2.4761936668111316E-008   1.4193772902517879E-004
   2.4785035489630076E-008   1.3254008519520609E-004
   2.4808134311148834E-008   1.2562820389885434E-004
   2.4831233132667595E-008   1.1910792746531096E-004
   2.4854331954186356E-008   1.0587707916088733E-004
   2.4877430775705116E-008   9.5236313906010500E-005
   2.4900529597223877E-008   8.5912306984611044E-005
   2.4923628418742638E-008   7.5901438798494695E-005
   2.4946727240261399E-008   6.3809929861989651E-005
   2.4969826061780160E-008   5.2009812696201361E-005
   2.4992924883298921E-008   4.2515154498092348E-005
   2.5016023704817682E-008   2.9881814159653860E-005
   2.5039122526336442E-008   2.2612905425938739E-005
   2.5062221347855200E-008   1.1606219896955149E-005
   2.5085320169373961E-008  -2.9882899239640266E-007
   2.5108418990892722E-008  -6.1401601941852244E-006
   2.5131517812411483E-008  -1.3309053753532662E-005
   2.5154616633930243E-008  -2.2118958554006125E-005
   2.5177715455449004E-008  -3.0045142758511245E-005
   2.5200814276967765E-008  -3.2916287550429852E-005
   2.5223913098486526E-008  -3.8621180888464399E-005
   2.5247011920005287E-008  -4.4115987616433872E-005
   2.5270110741524048E-008  -4.7635489482823239E-005
   2.5293209563042809E-008  -4.8647167160645857E-005
   2.5316308384561566E-008  -5.0333455175626148E-005
   2.5339407206080327E-008  -5.5274725480168452E-005
   2.5362506027599088E-008  -5.4500552877402690E-005
   2.5385604849117849E-008  -5.3748935993736708E-005
   2.5408703670636610E-008  -5.3193257185179637E-005
   2.5431802492155370E-008  -5.5146536842863061E-005
   2.5454901313674131E-008  -5.4162771599186272E-005
   2.5478000135192892E-008  -5.1404594497340656E-005
   2.5501098956711653E-008  -5.1496437714154977E-005
   2.5524197778230414E-008  -4.7613511427300072E-005
   2.5547296599749175E-008  -4.8252823019844474E-005
   2.5570395421267932E-008  -4.7236115624102266E-005
   2.5593494242786693E-008  -4.2896421171595867E-005
   2.5616593064305454E-008  -4.0800206191324921E-005
   2.5639691885824215E-008  -4.0959604976461063E-005
   2.5662790707342976E-008  -3.9477976497332940E-005
   2.5685889528861736E-008  -3.4276205961812033E-005
   2.5708988350380497E-008  -3.4024222256439332E-005
   2.5732087171899258E-008  -3.4167818880346846E-005
   2.5755185993418019E-008  -3.0693170957770813E-005
   2.5778284814936780E-008  -2.7459403648404221E-005
   2.5801383636455541E-008  -2.8022932349815507E-005
   2.5824482457974298E-008  -2.7179352890352470E-005
   2.5847581279493059E-008  -2.4450455521275751E-005
   2.5870680101011820E-008  -2.2376354942892492E-005
   2.5893778922530581E-008  -2.1766949414082543E-005
   2.5916877744049342E-008  -2.2781369308176733E-005
   2.5939976565568103E-008  -1.9518267099859227E-005
   2.5963075387086863E-008  -1.8555089912160810E-005
   2.5986174208605624E-008  -1.8230380469283574E-005
   2.6009273030124385E-008  -1.8700365134054909E-005
   2.6032371851643146E-008  -1.8560074191086741E-005
   2.6055470673161907E-008  -1.6574950707893193E-005
   2.6078569494680664E-008  -1.6831986068063189E-005
   2.6101668316199425E-008  -1.5505568116113362E-005
   2.6124767137718186E-008  -1.8257933179399963E-005
   2.6147865959236947E-008  -1.7302023652374860E-005
   2.6170964780755708E-008  -1.4768274561571695E-005
   2.6194063602274469E-008  -1.7203081008351548E-005
   2.6217162423793230E-008  -1.9804588567561654E-005
   2.6240261245311990E-008  -1.9882173903816186E-005
   2.6263360066830751E-008  -1.8636491712698244E-005
   2.6286458888349512E-008  -2.3580118580739596E-005
   2.6309557709868273E-008  -2.5264226498107227E-005
   2.6332656531387030E-008  -2.5222462857468882E-005
   2.6355755352905791E-008  -2.8602203210055220E-005
   2.6378854174424552E-008  -3.4155047861083194E-005
   2.6401952995943313E-008  -3.7799938085971650E-005
   2.6425051817462074E-008  -3.9425098425053314E-005
   2.6448150638980835E-008  -4.5903370235399810E-005
   2.6471249460499596E-008  -5.1417097313930649E-005
   2.6494348282018356E-008  -5.8734653777231649E-005
   2.6517447103537117E-008  -6.4557864238669899E-005
   2.6540545925055878E-008  -7.1475309961265452E-005
   2.6563644746574639E-008  -8.0917252100929946E-005
   2.6586743568093397E-008  -8.9779386986460843E-005
   2.6609842389612157E-008  -1.0052822471631937E-004
   2.6632941211130918E-008  -1.0837641050781424E-004
   2.6656040032649679E-008  -1.2052231766428856E-004
   2.6679138854168440E-008  -1.3296064933910956E-004
   2.6702237675687201E-008  -1.4541170910711487E-004
   2.6725336497205962E-008  -1.5705708126488696E-004
   2.6748435318724723E-008  -1.6769792382093516E-004
   2.6771534140243483E-008  -1.8394448814818175E-004
   2.6794632961762244E-008  -1.9700666855161547E-004
   2.6817731783281005E-008  -2.0827334301969007E-004
   2.6840830604799763E-008  -2.1991735682313772E-004
   2.6863929426318524E-008  -2.3456841825463819E-004
   2.6887028247837284E-008  -2.4660851931190050E-004
   2.6910127069356045E-008  -2.5420711356192820E-004
   2.6933225890874806E-008  -2.6563568367192925E-004
   2.6956324712393567E-008  -2.7581603840854269E-004
   2.6979423533912328E-008  -2.8153525308139673E-004
   2.7002522355431089E-008  -2.8566626775197013E-004
   2.7025621176949850E-008  -2.9209297833606069E-004
   2.7048719998468610E-008  -2.9495980311126252E-004
   2.7071818819987371E-008  -2.9394907723493150E-004
   2.7094917641506129E-008  -2.9188347310829131E-004
   2.7118016463024890E-008  -2.8889818438322261E-004
   2.7141115284543650E-008  -2.8399631988715567E-004
   2.7164214106062411E-008  -2.7646245384114039E-004
   2.7187312927581172E-008  -2.6740931154581874E-004
   2.7210411749099933E-008  -2.5356449692354687E-004
   2.7233510570618694E-008  -2.4183854384126813E-004
   2.7256609392137455E-008  -2.2872787023838430E-004
   2.7279708213656216E-008  -2.1183841507724135E-004
   2.7302807035174976E-008  -1.9278745727872637E-004
   2.7325905856693737E-008  -1.7418968409244593E-004
   2.7349004678212495E-008  -1.5807373058872125E-004
   2.7372103499731256E-008  -1.3628975823694564E-004
   2.7395202321250017E-008  -1.1547564785818764E-004
   2.7418301142768777E-008  -9.5195798904163038E-005
   2.7441399964287538E-008  -7.6479290033880712E-005
   2.7464498785806299E-008  -5.6571844313834441E-005
   2.7487597607325060E-008  -3.4882967726447061E-005
   2.7510696428843821E-008  -1.8562708829103187E-005
   2.7533795250362582E-008  -1.2029006077336628E-006
   2.7556894071881343E-008   1.5732267802753624E-005
   2.7579992893400103E-008   3.3082996912437508E-005
   2.7603091714918861E-008   4.5295140393206046E-005
   2.7626190536437622E-008   5.6442373058570905E-005
   2.7649289357956383E-008   7.0438773774688087E-005
   2.7672388179475144E-008   8.0042666020419713E-005
   2.7695487000993904E-008   8.7643995324094832E-005
