   0.0000000000000000        0.0000000000000000     
   7.6996071729201853E-012   0.0000000000000000     
   1.5399214345840371E-011   0.0000000000000000     
   2.3098821518760558E-011   0.0000000000000000     
   3.0798428691680741E-011   0.0000000000000000     
   3.8498035864600925E-011   0.0000000000000000     
   4.6197643037521115E-011   0.0000000000000000     
   5.3897250210441299E-011   0.0000000000000000     
   6.1596857383361483E-011   0.0000000000000000     
   6.9296464556281673E-011   0.0000000000000000     
   7.6996071729201850E-011   0.0000000000000000     
   8.4695678902122040E-011   0.0000000000000000     
   9.2395286075042231E-011   0.0000000000000000     
   1.0009489324796241E-010   0.0000000000000000     
   1.0779450042088260E-010   0.0000000000000000     
   1.1549410759380278E-010   0.0000000000000000     
   1.2319371476672297E-010   0.0000000000000000     
   1.3089332193964316E-010   0.0000000000000000     
   1.3859292911256335E-010   0.0000000000000000     
   1.4629253628548351E-010   0.0000000000000000     
   1.5399214345840370E-010   0.0000000000000000     
   1.6169175063132389E-010   0.0000000000000000     
   1.6939135780424408E-010   0.0000000000000000     
   1.7709096497716427E-010   0.0000000000000000     
   1.8479057215008446E-010   0.0000000000000000     
   1.9249017932300463E-010   0.0000000000000000     
   2.0018978649592482E-010   0.0000000000000000     
   2.0788939366884501E-010   0.0000000000000000     
   2.1558900084176520E-010   0.0000000000000000     
   2.2328860801468539E-010   0.0000000000000000     
   2.3098821518760555E-010   0.0000000000000000     
   2.3868782236052577E-010   0.0000000000000000     
   2.4638742953344593E-010   0.0000000000000000     
   2.5408703670636610E-010   0.0000000000000000     
   2.6178664387928631E-010   0.0000000000000000     
   2.6948625105220648E-010   0.0000000000000000     
   2.7718585822512669E-010   0.0000000000000000     
   2.8488546539804686E-010   0.0000000000000000     
   2.9258507257096702E-010   0.0000000000000000     
   3.0028467974388724E-010   0.0000000000000000     
   3.0798428691680740E-010   0.0000000000000000     
   3.1568389408972762E-010   0.0000000000000000     
   3.2338350126264778E-010   0.0000000000000000     
   3.3108310843556795E-010   0.0000000000000000     
   3.3878271560848816E-010   0.0000000000000000     
   3.4648232278140833E-010   0.0000000000000000     
   3.5418192995432854E-010   0.0000000000000000     
   3.6188153712724871E-010   0.0000000000000000     
   3.6958114430016892E-010   0.0000000000000000     
   3.7728075147308909E-010   0.0000000000000000     
   3.8498035864600925E-010   0.0000000000000000     
   3.9267996581892947E-010   0.0000000000000000     
   4.0037957299184963E-010   0.0000000000000000     
   4.0807918016476985E-010   0.0000000000000000     
   4.1577878733769001E-010   0.0000000000000000     
   4.2347839451061018E-010   0.0000000000000000     
   4.3117800168353039E-010   0.0000000000000000     
   4.3887760885645056E-010   0.0000000000000000     
   4.4657721602937077E-010   0.0000000000000000     
   4.5427682320229094E-010   0.0000000000000000     
   4.6197643037521110E-010   0.0000000000000000     
   4.6967603754813132E-010   0.0000000000000000     
   4.7737564472105153E-010   0.0000000000000000     
   4.8507525189397165E-010   0.0000000000000000     
   4.9277485906689186E-010   0.0000000000000000     
   5.0047446623981208E-010   0.0000000000000000     
   5.0817407341273219E-010   0.0000000000000000     
   5.1587368058565241E-010   0.0000000000000000     
   5.2357328775857262E-010   0.0000000000000000     
   5.3127289493149284E-010   0.0000000000000000     
   5.3897250210441295E-010   0.0000000000000000     
   5.4667210927733317E-010   0.0000000000000000     
   5.5437171645025338E-010   0.0000000000000000     
   5.6207132362317350E-010   0.0000000000000000     
   5.6977093079609371E-010   0.0000000000000000     
   5.7747053796901393E-010   0.0000000000000000     
   5.8517014514193404E-010   0.0000000000000000     
   5.9286975231485426E-010   0.0000000000000000     
   6.0056935948777447E-010   0.0000000000000000     
   6.0826896666069469E-010   0.0000000000000000     
   6.1596857383361480E-010   0.0000000000000000     
   6.2366818100653502E-010   0.0000000000000000     
   6.3136778817945523E-010   0.0000000000000000     
   6.3906739535237535E-010   0.0000000000000000     
   6.4676700252529556E-010   0.0000000000000000     
   6.5446660969821578E-010   0.0000000000000000     
   6.6216621687113589E-010   0.0000000000000000     
   6.6986582404405611E-010   0.0000000000000000     
   6.7756543121697632E-010   0.0000000000000000     
   6.8526503838989654E-010   0.0000000000000000     
   6.9296464556281665E-010   0.0000000000000000     
   7.0066425273573687E-010   0.0000000000000000     
   7.0836385990865708E-010   0.0000000000000000     
   7.1606346708157720E-010   0.0000000000000000     
   7.2376307425449741E-010   0.0000000000000000     
   7.3146268142741763E-010   0.0000000000000000     
   7.3916228860033784E-010   0.0000000000000000     
   7.4686189577325796E-010   0.0000000000000000     
   7.5456150294617817E-010   0.0000000000000000     
   7.6226111011909839E-010   0.0000000000000000     
   7.6996071729201850E-010   0.0000000000000000     
   7.7766032446493872E-010   0.0000000000000000     
   7.8535993163785893E-010   0.0000000000000000     
   7.9305953881077905E-010   0.0000000000000000     
   8.0075914598369926E-010   0.0000000000000000     
   8.0845875315661948E-010   0.0000000000000000     
   8.1615836032953969E-010   0.0000000000000000     
   8.2385796750245981E-010   0.0000000000000000     
   8.3155757467538002E-010   0.0000000000000000     
   8.3925718184830024E-010   0.0000000000000000     
   8.4695678902122035E-010   0.0000000000000000     
   8.5465639619414057E-010   0.0000000000000000     
   8.6235600336706078E-010   0.0000000000000000     
   8.7005561053998090E-010   0.0000000000000000     
   8.7775521771290111E-010   0.0000000000000000     
   8.8545482488582133E-010   0.0000000000000000     
   8.9315443205874155E-010   0.0000000000000000     
   9.0085403923166166E-010   0.0000000000000000     
   9.0855364640458187E-010   0.0000000000000000     
   9.1625325357750209E-010   0.0000000000000000     
   9.2395286075042220E-010   0.0000000000000000     
   9.3165246792334242E-010   0.0000000000000000     
   9.3935207509626263E-010   0.0000000000000000     
   9.4705168226918285E-010   0.0000000000000000     
   9.5475128944210307E-010   0.0000000000000000     
   9.6245089661502308E-010   0.0000000000000000     
   9.7015050378794329E-010   0.0000000000000000     
   9.7785011096086351E-010   0.0000000000000000     
   9.8554971813378372E-010   0.0000000000000000     
   9.9324932530670394E-010   0.0000000000000000     
   1.0009489324796242E-009   0.0000000000000000     
   1.0086485396525444E-009   0.0000000000000000     
   1.0163481468254644E-009   0.0000000000000000     
   1.0240477539983846E-009   0.0000000000000000     
   1.0317473611713048E-009   0.0000000000000000     
   1.0394469683442250E-009   0.0000000000000000     
   1.0471465755171452E-009   0.0000000000000000     
   1.0548461826900655E-009   0.0000000000000000     
   1.0625457898629857E-009   0.0000000000000000     
   1.0702453970359057E-009   0.0000000000000000     
   1.0779450042088259E-009   0.0000000000000000     
   1.0856446113817461E-009   0.0000000000000000     
   1.0933442185546663E-009   0.0000000000000000     
   1.1010438257275866E-009   0.0000000000000000     
   1.1087434329005068E-009   0.0000000000000000     
   1.1164430400734268E-009   0.0000000000000000     
   1.1241426472463470E-009   0.0000000000000000     
   1.1318422544192672E-009   0.0000000000000000     
   1.1395418615921874E-009   0.0000000000000000     
   1.1472414687651076E-009   0.0000000000000000     
   1.1549410759380279E-009   0.0000000000000000     
   1.1626406831109481E-009   0.0000000000000000     
   1.1703402902838681E-009   0.0000000000000000     
   1.1780398974567883E-009   0.0000000000000000     
   1.1857395046297085E-009   0.0000000000000000     
   1.1934391118026287E-009   0.0000000000000000     
   1.2011387189755489E-009   0.0000000000000000     
   1.2088383261484692E-009   0.0000000000000000     
   1.2165379333213894E-009   0.0000000000000000     
   1.2242375404943094E-009   0.0000000000000000     
   1.2319371476672296E-009   0.0000000000000000     
   1.2396367548401498E-009   0.0000000000000000     
   1.2473363620130700E-009   0.0000000000000000     
   1.2550359691859903E-009   0.0000000000000000     
   1.2627355763589105E-009   0.0000000000000000     
   1.2704351835318307E-009   0.0000000000000000     
   1.2781347907047507E-009   0.0000000000000000     
   1.2858343978776709E-009   0.0000000000000000     
   1.2935340050505911E-009   0.0000000000000000     
   1.3012336122235113E-009   0.0000000000000000     
   1.3089332193964316E-009   0.0000000000000000     
   1.3166328265693518E-009   0.0000000000000000     
   1.3243324337422718E-009   0.0000000000000000     
   1.3320320409151920E-009   0.0000000000000000     
   1.3397316480881122E-009   0.0000000000000000     
   1.3474312552610324E-009   0.0000000000000000     
   1.3551308624339526E-009   0.0000000000000000     
   1.3628304696068729E-009   0.0000000000000000     
   1.3705300767797931E-009   0.0000000000000000     
   1.3782296839527131E-009   0.0000000000000000     
   1.3859292911256333E-009   0.0000000000000000     
   1.3936288982985535E-009   0.0000000000000000     
   1.4013285054714737E-009   0.0000000000000000     
   1.4090281126443940E-009   0.0000000000000000     
   1.4167277198173142E-009   0.0000000000000000     
   1.4244273269902344E-009   0.0000000000000000     
   1.4321269341631544E-009   0.0000000000000000     
   1.4398265413360746E-009   0.0000000000000000     
   1.4475261485089948E-009   0.0000000000000000     
   1.4552257556819150E-009   0.0000000000000000     
   1.4629253628548353E-009   0.0000000000000000     
   1.4706249700277555E-009   0.0000000000000000     
   1.4783245772006757E-009   0.0000000000000000     
   1.4860241843735957E-009   0.0000000000000000     
   1.4937237915465159E-009   0.0000000000000000     
   1.5014233987194361E-009   0.0000000000000000     
   1.5091230058923563E-009   0.0000000000000000     
   1.5168226130652766E-009   0.0000000000000000     
   1.5245222202381968E-009   0.0000000000000000     
   1.5322218274111168E-009   0.0000000000000000     
   1.5399214345840370E-009   0.0000000000000000     
   1.5476210417569572E-009   0.0000000000000000     
   1.5553206489298774E-009   0.0000000000000000     
   1.5630202561027977E-009   0.0000000000000000     
   1.5707198632757179E-009   0.0000000000000000     
   1.5784194704486381E-009   0.0000000000000000     
   1.5861190776215581E-009   0.0000000000000000     
   1.5938186847944783E-009   0.0000000000000000     
   1.6015182919673985E-009   0.0000000000000000     
   1.6092178991403187E-009   0.0000000000000000     
   1.6169175063132390E-009   0.0000000000000000     
   1.6246171134861592E-009   0.0000000000000000     
   1.6323167206590794E-009   0.0000000000000000     
   1.6400163278319994E-009   0.0000000000000000     
   1.6477159350049196E-009   0.0000000000000000     
   1.6554155421778398E-009   0.0000000000000000     
   1.6631151493507600E-009   0.0000000000000000     
   1.6708147565236803E-009   0.0000000000000000     
   1.6785143636966005E-009   0.0000000000000000     
   1.6862139708695205E-009   0.0000000000000000     
   1.6939135780424407E-009   0.0000000000000000     
   1.7016131852153609E-009   0.0000000000000000     
   1.7093127923882811E-009   0.0000000000000000     
   1.7170123995612014E-009   0.0000000000000000     
   1.7247120067341216E-009   0.0000000000000000     
   1.7324116139070418E-009   0.0000000000000000     
   1.7401112210799618E-009   0.0000000000000000     
   1.7478108282528820E-009   0.0000000000000000     
   1.7555104354258022E-009   0.0000000000000000     
   1.7632100425987224E-009   0.0000000000000000     
   1.7709096497716427E-009   0.0000000000000000     
   1.7786092569445629E-009   0.0000000000000000     
   1.7863088641174831E-009   0.0000000000000000     
   1.7940084712904031E-009   0.0000000000000000     
   1.8017080784633233E-009   0.0000000000000000     
   1.8094076856362435E-009   0.0000000000000000     
   1.8171072928091637E-009   0.0000000000000000     
   1.8248068999820840E-009   0.0000000000000000     
   1.8325065071550042E-009   0.0000000000000000     
   1.8402061143279244E-009   0.0000000000000000     
   1.8479057215008444E-009   0.0000000000000000     
   1.8556053286737646E-009   0.0000000000000000     
   1.8633049358466848E-009   0.0000000000000000     
   1.8710045430196048E-009   0.0000000000000000     
   1.8787041501925253E-009   0.0000000000000000     
   1.8864037573654453E-009   0.0000000000000000     
   1.8941033645383657E-009   0.0000000000000000     
   1.9018029717112857E-009   0.0000000000000000     
   1.9095025788842061E-009   0.0000000000000000     
   1.9172021860571261E-009   0.0000000000000000     
   1.9249017932300462E-009   0.0000000000000000     
   1.9326014004029666E-009   0.0000000000000000     
   1.9403010075758866E-009   0.0000000000000000     
   1.9480006147488070E-009   0.0000000000000000     
   1.9557002219217270E-009   0.0000000000000000     
   1.9633998290946474E-009   0.0000000000000000     
   1.9710994362675674E-009   0.0000000000000000     
   1.9787990434404875E-009   0.0000000000000000     
   1.9864986506134079E-009   0.0000000000000000     
   1.9941982577863279E-009   0.0000000000000000     
   2.0018978649592483E-009   0.0000000000000000     
   2.0095974721321683E-009   0.0000000000000000     
   2.0172970793050887E-009   0.0000000000000000     
   2.0249966864780088E-009   0.0000000000000000     
   2.0326962936509288E-009   0.0000000000000000     
   2.0403959008238492E-009   0.0000000000000000     
   2.0480955079967692E-009   0.0000000000000000     
   2.0557951151696896E-009   0.0000000000000000     
   2.0634947223426096E-009   0.0000000000000000     
   2.0711943295155300E-009   0.0000000000000000     
   2.0788939366884501E-009   0.0000000000000000     
   2.0865935438613701E-009   0.0000000000000000     
   2.0942931510342905E-009   0.0000000000000000     
   2.1019927582072105E-009   0.0000000000000000     
   2.1096923653801309E-009   0.0000000000000000     
   2.1173919725530509E-009   0.0000000000000000     
   2.1250915797259714E-009   0.0000000000000000     
   2.1327911868988914E-009   0.0000000000000000     
   2.1404907940718114E-009   0.0000000000000000     
   2.1481904012447318E-009   0.0000000000000000     
   2.1558900084176518E-009   0.0000000000000000     
   2.1635896155905722E-009   0.0000000000000000     
   2.1712892227634922E-009   0.0000000000000000     
   2.1789888299364122E-009   0.0000000000000000     
   2.1866884371093327E-009   0.0000000000000000     
   2.1943880442822527E-009   0.0000000000000000     
   2.2020876514551731E-009   0.0000000000000000     
   2.2097872586280931E-009   0.0000000000000000     
   2.2174868658010135E-009   0.0000000000000000     
   2.2251864729739335E-009   0.0000000000000000     
   2.2328860801468536E-009   0.0000000000000000     
   2.2405856873197740E-009   0.0000000000000000     
   2.2482852944926940E-009   0.0000000000000000     
   2.2559849016656144E-009   0.0000000000000000     
   2.2636845088385344E-009   0.0000000000000000     
   2.2713841160114548E-009   0.0000000000000000     
   2.2790837231843748E-009   0.0000000000000000     
   2.2867833303572949E-009   0.0000000000000000     
   2.2944829375302153E-009   0.0000000000000000     
   2.3021825447031353E-009   0.0000000000000000     
   2.3098821518760557E-009   0.0000000000000000     
   2.3175817590489757E-009   0.0000000000000000     
   2.3252813662218961E-009   0.0000000000000000     
   2.3329809733948162E-009   0.0000000000000000     
   2.3406805805677362E-009   0.0000000000000000     
   2.3483801877406566E-009   0.0000000000000000     
   2.3560797949135766E-009   0.0000000000000000     
   2.3637794020864970E-009   0.0000000000000000     
   2.3714790092594170E-009   0.0000000000000000     
   2.3791786164323375E-009   0.0000000000000000     
   2.3868782236052575E-009   0.0000000000000000     
   2.3945778307781775E-009   0.0000000000000000     
   2.4022774379510979E-009   0.0000000000000000     
   2.4099770451240179E-009   0.0000000000000000     
   2.4176766522969383E-009   1.8850527919124543E-056
   2.4253762594698583E-009   4.5709116202989542E-052
   2.4330758666427788E-009   5.1916708035364781E-049
   2.4407754738156988E-009   1.3379455342220702E-046
   2.4484750809886188E-009   1.2897724593186152E-044
   2.4561746881615392E-009   6.1726755726012803E-043
   2.4638742953344592E-009   1.8107723676158549E-041
   2.4715739025073796E-009   3.8268371529302725E-040
   2.4792735096802996E-009   6.4389767671727630E-039
   2.4869731168532201E-009   9.1002413659447962E-038
   2.4946727240261401E-009   1.1179899530479356E-036
   2.5023723311990601E-009   1.2222937019398855E-035
   2.5100719383719805E-009   1.2091175951983868E-034
   2.5177715455449005E-009   1.0959125899843308E-033
   2.5254711527178209E-009   9.1890901872925588E-033
   2.5331707598907409E-009   7.1827123013711435E-032
   2.5408703670636614E-009   5.2664075377312872E-031
   2.5485699742365814E-009   3.6405917902500677E-030
   2.5562695814095014E-009   2.3829882542436884E-029
   2.5639691885824218E-009   1.4823193929440221E-028
   2.5716687957553418E-009   8.7899384082054393E-028
   2.5793684029282622E-009   4.9822563556898587E-027
   2.5870680101011822E-009   2.7057427841599143E-026
   2.5947676172741023E-009   1.4108075094433820E-025
   2.6024672244470227E-009   7.0756669927069788E-025
   2.6101668316199427E-009   3.4189721886621845E-024
   2.6178664387928631E-009   1.5939986518037738E-023
   2.6255660459657831E-009   7.1798603430584506E-023
   2.6332656531387035E-009   3.1282071131684631E-022
   2.6409652603116236E-009   1.3197559828545594E-021
   2.6486648674845436E-009   5.3967817963955163E-021
   2.6563644746574640E-009   2.1409464495220349E-020
   2.6640640818303840E-009   8.2463070662527503E-020
   2.6717636890033044E-009   3.0861633404988879E-019
   2.6794632961762244E-009   1.1230004811397242E-018
   2.6871629033491449E-009   3.9757044889842143E-018
   2.6948625105220649E-009   1.3701580870146191E-017
   2.7025621176949849E-009   4.5991625526767268E-017
   2.7102617248679053E-009   1.5043498943689363E-016
   2.7179613320408253E-009   4.7970519106215184E-016
   2.7256609392137457E-009   1.4918771849573658E-015
   2.7333605463866657E-009   4.5267632197421810E-015
   2.7410601535595862E-009   1.3405647262280011E-014
   2.7487597607325062E-009   3.8758726662000213E-014
   2.7564593679054262E-009   1.0943524478714970E-013
   2.7641589750783466E-009   3.0183094853883349E-013
   2.7718585822512666E-009   8.1337555940430642E-013
   2.7795581894241870E-009   2.1420559832882374E-012
   2.7872577965971070E-009   5.5139705233749908E-012
   2.7949574037700275E-009   1.3875988951078700E-011
   2.8026570109429475E-009   3.4142237364711522E-011
   2.8103566181158675E-009   8.2148969928255222E-011
   2.8180562252887879E-009   1.9330323277237444E-010
   2.8257558324617079E-009   4.4487604406341434E-010
   2.8334554396346283E-009   1.0014501678049824E-009
   2.8411550468075483E-009   2.2051044077203462E-009
   2.8488546539804688E-009   4.7495139495715181E-009
   2.8565542611533888E-009   1.0006720682015047E-008
   2.8642538683263088E-009   2.0622966600284512E-008
   2.8719534754992292E-009   4.1573175839050188E-008
   2.8796530826721492E-009   8.1970161125422326E-008
   2.8873526898450696E-009   1.5806972135935776E-007
   2.8950522970179897E-009   2.9809440092793478E-007
   2.9027519041909101E-009   5.4969968072214938E-007
   2.9104515113638301E-009   9.9108467863032786E-007
   2.9181511185367501E-009   1.7468277961597423E-006
   2.9258507257096705E-009   3.0093878459899208E-006
   2.9335503328825905E-009   5.0666997195844913E-006
   2.9412499400555109E-009   8.3352502896069559E-006
   2.9489495472284310E-009   1.3396337233504895E-005
   2.9566491544013514E-009   2.1030930279909353E-005
   2.9643487615742714E-009   3.2245976557543653E-005
   2.9720483687471914E-009   4.8282799551064032E-005
   2.9797479759201118E-009   7.0597525577174435E-005
   2.9874475830930318E-009   1.0080561329492188E-004
   2.9951471902659523E-009   1.4058887289292160E-004
   3.0028467974388723E-009   1.9157446327400856E-004
   3.0105464046117923E-009   2.5521037536929453E-004
   3.0182460117847127E-009   3.3267775307094347E-004
   3.0259456189576327E-009   4.2489151938995389E-004
   3.0336452261305531E-009   5.3263991334976443E-004
   3.0413448333034731E-009   6.5689385101633160E-004
   3.0490444404763936E-009   7.9927539686565721E-004
   3.0567440476493136E-009   9.6261547250191205E-004
   3.0644436548222336E-009   1.1514686833890375E-003
   3.0721432619951540E-009   1.3724115019572594E-003
   3.0798428691680740E-009   1.6339561224557734E-003
   3.0875424763409944E-009   1.9459857638553409E-003
   3.0952420835139144E-009   2.3187570345331596E-003
   3.1029416906868349E-009   2.7616895637251060E-003
   3.1106412978597549E-009   3.2823106991138446E-003
   3.1183409050326749E-009   3.8857679134074608E-003
   3.1260405122055953E-009   4.5752050658352224E-003
   3.1337401193785153E-009   5.3530162067724225E-003
   3.1414397265514357E-009   6.2226161118649247E-003
   3.1491393337243557E-009   7.1900462519761026E-003
   3.1568389408972762E-009   8.2646387025665201E-003
   3.1645385480701962E-009   9.4582020519356144E-003
   3.1722381552431162E-009   1.0782749992102813E-002
   3.1799377624160366E-009   1.2247471480254237E-002
   3.1876373695889566E-009   1.3856126108509979E-002
   3.1953369767618770E-009   1.5606042215632150E-002
   3.2030365839347971E-009   1.7489285578589624E-002
   3.2107361911077175E-009   1.9495545157829447E-002
   3.2184357982806375E-009   2.1615324140115195E-002
   3.2261354054535575E-009   2.3841669086846012E-002
   3.2338350126264779E-009   2.6169241197591148E-002
   3.2415346197993979E-009   2.8590882704963835E-002
   3.2492342269723183E-009   3.1093288557700674E-002
   3.2569338341452384E-009   3.3654139323756174E-002
   3.2646334413181588E-009   3.6242504774598436E-002
   3.2723330484910788E-009   3.8822585116270306E-002
   3.2800326556639988E-009   4.1358913256039263E-002
   3.2877322628369192E-009   4.3820089640254536E-002
   3.2954318700098392E-009   4.6178780005750070E-002
   3.3031314771827597E-009   4.8408048855655715E-002
   3.3108310843556797E-009   5.0476427317285494E-002
   3.3185306915286001E-009   5.2345207486783750E-002
   3.3262302987015201E-009   5.3970485106943585E-002
   3.3339299058744401E-009   5.5309092581366938E-002
   3.3416295130473605E-009   5.6325179428057724E-002
   3.3493291202202805E-009   5.6993661854181497E-002
   3.3570287273932010E-009   5.7297923189980213E-002
   3.3647283345661210E-009   5.7224351778435746E-002
   3.3724279417390410E-009   5.6757999279695437E-002
   3.3801275489119614E-009   5.5882095534974210E-002
   3.3878271560848814E-009   5.4584237396905773E-002
   3.3955267632578018E-009   5.2863529192990026E-002
   3.4032263704307218E-009   5.0732696690291561E-002
   3.4109259776036423E-009   4.8216764320442751E-002
   3.4186255847765623E-009   4.5343461990457440E-002
   3.4263251919494823E-009   4.2134788647169109E-002
   3.4340247991224027E-009   3.8609747268564372E-002
   3.4417244062953227E-009   3.4784564345667360E-002
   3.4494240134682431E-009   3.0681940082848056E-002
   3.4571236206411631E-009   2.6339571818636560E-002
   3.4648232278140836E-009   2.1795305046688116E-002
   3.4725228349870036E-009   1.7089916392477464E-002
   3.4802224421599236E-009   1.2262873807376583E-002
   3.4879220493328440E-009   7.3364496481507554E-003
   3.4956216565057640E-009   2.3473955826037326E-003
   3.5033212636786844E-009  -2.6645802089144211E-003
   3.5110208708516045E-009  -7.6744988661235584E-003
   3.5187204780245249E-009  -1.2637341460323245E-002
   3.5264200851974449E-009  -1.7544600650660189E-002
   3.5341196923703649E-009  -2.2412631388928250E-002
   3.5418192995432853E-009  -2.7221249115881637E-002
   3.5495189067162053E-009  -3.1992931077860595E-002
   3.5572185138891257E-009  -3.6717985687376407E-002
   3.5649181210620458E-009  -4.1339158117815390E-002
   3.5726177282349662E-009  -4.5887427115569014E-002
   3.5803173354078862E-009  -5.0337062944471850E-002
   3.5880169425808062E-009  -5.4668146126491901E-002
   3.5957165497537266E-009  -5.8959260951764098E-002
   3.6034161569266466E-009  -6.3150576011564263E-002
   3.6111157640995671E-009  -6.7239402588614314E-002
   3.6188153712724871E-009  -7.1280655341772123E-002
   3.6265149784454075E-009  -7.5158238561068999E-002
   3.6342145856183275E-009  -7.8910123113050970E-002
   3.6419141927912475E-009  -8.2542865539742119E-002
   3.6496137999641679E-009  -8.5913340231529980E-002
   3.6573134071370879E-009  -8.9099902987684346E-002
   3.6650130143100084E-009  -9.2048902557452572E-002
   3.6727126214829284E-009  -9.4667640966716218E-002
   3.6804122286558488E-009  -9.7064026953218557E-002
   3.6881118358287688E-009  -9.9111123334372928E-002
   3.6958114430016888E-009 -0.10075504402224096     
   3.7035110501746092E-009 -0.10203904723524843     
   3.7112106573475292E-009 -0.10281890895564105     
   3.7189102645204497E-009 -0.10315132142176141     
   3.7266098716933697E-009 -0.10305266916895739     
   3.7343094788662897E-009 -0.10244487935917934     
   3.7420090860392097E-009 -0.10139800878490575     
   3.7497086932121305E-009  -9.9829599316389767E-002
   3.7574083003850505E-009  -9.7744986130370429E-002
   3.7651079075579705E-009  -9.5224223087702148E-002
   3.7728075147308906E-009  -9.2227795713409180E-002
   3.7805071219038114E-009  -8.8884712196151475E-002
   3.7882067290767314E-009  -8.5218163593272278E-002
   3.7959063362496514E-009  -8.1195774967258424E-002
   3.8036059434225714E-009  -7.6948466725324002E-002
   3.8113055505954914E-009  -7.2461959656754296E-002
   3.8190051577684123E-009  -6.7779944794093092E-002
   3.8267047649413323E-009  -6.3041796355990970E-002
   3.8344043721142523E-009  -5.8255635504290297E-002
   3.8421039792871723E-009  -5.3475892134223685E-002
   3.8498035864600923E-009  -4.8802166043568539E-002
   3.8575031936330131E-009  -4.4266656411307385E-002
   3.8652028008059331E-009  -3.9883219407935419E-002
   3.8729024079788532E-009  -3.5750050991095170E-002
   3.8806020151517732E-009  -3.1922964939145107E-002
   3.8883016223246940E-009  -2.8378621906595472E-002
   3.8960012294976140E-009  -2.5235297451558340E-002
   3.9037008366705340E-009  -2.2502069330463174E-002
   3.9114004438434540E-009  -2.0087087135114933E-002
   3.9191000510163740E-009  -1.8055331960059973E-002
   3.9267996581892949E-009  -1.6335235337876071E-002
   3.9344992653622149E-009  -1.4821831828756953E-002
   3.9421988725351349E-009  -1.3504722339529268E-002
   3.9498984797080549E-009  -1.2251726486292740E-002
   3.9575980868809749E-009  -1.0956428383729204E-002
   3.9652976940538958E-009  -9.5700942010648032E-003
   3.9729973012268158E-009  -8.1024661734675103E-003
   3.9806969083997358E-009  -6.6429346485915664E-003
   3.9883965155726558E-009  -5.2486595041630543E-003
   3.9960961227455758E-009  -4.0859864786808881E-003
   4.0037957299184966E-009  -3.2812915386912587E-003
   4.0114953370914166E-009  -2.8190196473458096E-003
   4.0191949442643366E-009  -2.8361331756533593E-003
   4.0268945514372567E-009  -3.3205842865181075E-003
   4.0345941586101775E-009  -4.0579256377456172E-003
   4.0422937657830975E-009  -5.0630927157468350E-003
   4.0499933729560175E-009  -6.2388273172582810E-003
   4.0576929801289375E-009  -7.4430027191233830E-003
   4.0653925873018575E-009  -8.8779555907807436E-003
   4.0730921944747784E-009  -1.0584471429908940E-002
   4.0807918016476984E-009  -1.2552749615000740E-002
   4.0884914088206184E-009  -1.5005858566607487E-002
   4.0961910159935384E-009  -1.8005428595008900E-002
   4.1038906231664584E-009  -2.1668420199686886E-002
   4.1115902303393792E-009  -2.6218938702295108E-002
   4.1192898375122992E-009  -3.1680928054064167E-002
   4.1269894446852193E-009  -3.7957626214392318E-002
   4.1346890518581393E-009  -4.4818126445095072E-002
   4.1423886590310601E-009  -5.1934413701703930E-002
   4.1500882662039801E-009  -5.8910265883960838E-002
   4.1577878733769001E-009  -6.5471767524400967E-002
   4.1654874805498201E-009  -7.1598466726922327E-002
   4.1731870877227401E-009  -7.7285981437097959E-002
   4.1808866948956610E-009  -8.2762699285477415E-002
   4.1885863020685810E-009  -8.8266479949852761E-002
   4.1962859092415010E-009  -9.3619226776727321E-002
   4.2039855164144210E-009  -9.8544813898292685E-002
   4.2116851235873410E-009 -0.10247007001772060     
   4.2193847307602618E-009 -0.10459306965539342     
   4.2270843379331819E-009 -0.10448601716535950     
   4.2347839451061019E-009 -0.10203166424015703     
   4.2424835522790219E-009  -9.7446473153011942E-002
   4.2501831594519427E-009  -9.1290782961784736E-002
   4.2578827666248627E-009  -8.4035916591359894E-002
   4.2655823737977827E-009  -7.5783090203005860E-002
   4.2732819809707027E-009  -6.6319231650470711E-002
   4.2809815881436227E-009  -5.5316134998855924E-002
   4.2886811953165436E-009  -4.2632697223418156E-002
   4.2963808024894636E-009  -2.8689741239293222E-002
   4.3040804096623836E-009  -1.4388860763539069E-002
   4.3117800168353036E-009  -8.3085699416933501E-004
   4.3194796240082236E-009   1.1180163606584838E-002
   4.3271792311811445E-009   2.1659372336929911E-002
   4.3348788383540645E-009   3.1025379712183249E-002
   4.3425784455269845E-009   3.9960016059731124E-002
   4.3502780526999045E-009   4.8924120255967124E-002
   4.3579776598728245E-009   5.7185065940908969E-002
   4.3656772670457453E-009   6.3706189202009753E-002
   4.3733768742186653E-009   6.7511403196026443E-002
   4.3810764813915853E-009   6.7771461887759357E-002
   4.3887760885645054E-009   6.5010170655047092E-002
   4.3964756957374262E-009   6.0037685353860296E-002
   4.4041753029103462E-009   5.3242566063570362E-002
   4.4118749100832662E-009   4.5090549662478385E-002
   4.4195745172561862E-009   3.5177989817426966E-002
   4.4272741244291062E-009   2.3510447200002546E-002
   4.4349737316020271E-009   1.1444152655312893E-002
   4.4426733387749471E-009   1.9512424417270774E-004
   4.4503729459478671E-009  -8.5401148348635547E-003
   4.4580725531207871E-009  -1.3877460680077579E-002
   4.4657721602937071E-009  -1.7316668475753649E-002
   4.4734717674666279E-009  -1.9986773749226704E-002
   4.4811713746395480E-009  -2.2574600333661328E-002
   4.4888709818124680E-009  -2.4870913487000268E-002
   4.4965705889853880E-009  -2.3743455873375820E-002
   4.5042701961583088E-009  -1.6507713966006615E-002
   4.5119698033312288E-009  -2.2395586052320303E-003
   4.5196694105041488E-009   1.8615734131782614E-002
   4.5273690176770688E-009   4.2954414263960100E-002
   4.5350686248499888E-009   6.7962281091536375E-002
   4.5427682320229097E-009   9.2718673680794700E-002
   4.5504678391958297E-009  0.11786690910027565     
   4.5581674463687497E-009  0.14538544323103025     
   4.5658670535416697E-009  0.17627546311137932     
   4.5735666607145897E-009  0.21034546812231456     
   4.5812662678875106E-009  0.24566624336875362     
   4.5889658750604306E-009  0.27955468567802361     
   4.5966654822333506E-009  0.31064915331985232     
   4.6043650894062706E-009  0.33729501868656825     
   4.6120646965791914E-009  0.35909887893703896     
   4.6197643037521114E-009  0.37677463920095966     
   4.6274639109250314E-009  0.39021466232012364     
   4.6351635180979514E-009  0.40047322412429148     
   4.6428631252708715E-009  0.40787387676804221     
   4.6505627324437923E-009  0.41098049364685207     
   4.6582623396167123E-009  0.40785853442389031     
   4.6659619467896323E-009  0.39630611955855860     
   4.6736615539625523E-009  0.37601496361390541     
   4.6813611611354723E-009  0.34903543406257004     
   4.6890607683083932E-009  0.31947551936987761     
   4.6967603754813132E-009  0.29023628546129171     
   4.7044599826542332E-009  0.26017830890411670     
   4.7121595898271532E-009  0.22652739830951524     
   4.7198591970000740E-009  0.18560912197064172     
   4.7275588041729940E-009  0.13713630225582601     
   4.7352584113459140E-009   8.6390715317903030E-002
   4.7429580185188341E-009   3.8807632205494429E-002
   4.7506576256917541E-009  -2.3968667080941650E-003
   4.7583572328646749E-009  -3.8967720892908640E-002
   4.7660568400375949E-009  -7.6273864801281205E-002
   4.7737564472105149E-009 -0.11712561495092180     
   4.7814560543834349E-009 -0.15986492332603400     
   4.7891556615563549E-009 -0.19841914190568133     
   4.7968552687292758E-009 -0.22762034209571738     
   4.8045548759021958E-009 -0.24795563126433087     
   4.8122544830751158E-009 -0.26382341703217504     
   4.8199540902480358E-009 -0.28041345933445233     
   4.8276536974209558E-009 -0.29863095897780151     
   4.8353533045938766E-009 -0.31370434903058408     
   4.8430529117667967E-009 -0.31977829373388683     
   4.8507525189397167E-009 -0.31534920952707829     
   4.8584521261126367E-009 -0.30433039806589640     
   4.8661517332855575E-009 -0.29246736547965752     
   4.8738513404584775E-009 -0.28371985744170625     
   4.8815509476313975E-009 -0.27614597617348408     
   4.8892505548043175E-009 -0.26402785058364486     
   4.8969501619772375E-009 -0.24404749297702774     
   4.9046497691501584E-009 -0.21699319868206340     
   4.9123493763230784E-009 -0.18772671622901813     
   4.9200489834959984E-009 -0.16106552181731335     
   4.9277485906689184E-009 -0.13845700188364965     
   4.9354481978418384E-009 -0.11744789421866608     
   4.9431478050147593E-009  -9.3261951879144600E-002
   4.9508474121876793E-009  -6.4696849986651553E-002
   4.9585470193605993E-009  -3.3941196983969087E-002
   4.9662466265335193E-009  -4.5488096604276483E-003
   4.9739462337064401E-009   1.9948616216690696E-002
   4.9816458408793601E-009   4.0304107800383071E-002
   4.9893454480522801E-009   6.0316957072732311E-002
   4.9970450552252002E-009   8.2798820976887386E-002
   5.0047446623981202E-009  0.10636335800176017     
   5.0124442695710410E-009  0.12694105384416060     
   5.0201438767439610E-009  0.14186651078507079     
   5.0278434839168810E-009  0.15157230550655654     
   5.0355430910898010E-009  0.16124301932839116     
   5.0432426982627210E-009  0.17471502401852976     
   5.0509423054356419E-009  0.18887170667772846     
   5.0586419126085619E-009  0.19735504440659374     
   5.0663415197814819E-009  0.19644593832769072     
   5.0740411269544019E-009  0.18981833512051974     
   5.0817407341273227E-009  0.18535948153528425     
   5.0894403413002427E-009  0.18771166108784210     
   5.0971399484731628E-009  0.19211622693465993     
   5.1048395556460828E-009  0.18745604965652876     
   5.1125391628190028E-009  0.16972653925869247     
   5.1202387699919236E-009  0.14594287331505723     
   5.1279383771648436E-009  0.12755606253238030     
   5.1356379843377636E-009  0.11968258858060153     
   5.1433375915106836E-009  0.11448345934040820     
   5.1510371986836036E-009   9.9360633812218685E-002
   5.1587368058565245E-009   7.0050779155505574E-002
   5.1664364130294445E-009   3.6267896903166383E-002
   5.1741360202023645E-009   1.1338011728570864E-002
   5.1818356273752845E-009  -2.3539412608881592E-003
   5.1895352345482045E-009  -1.4361086593198607E-002
   5.1972348417211254E-009  -3.6290992023355721E-002
   5.2049344488940454E-009  -6.9010281641380927E-002
   5.2126340560669654E-009 -0.10135154501721978     
   5.2203336632398854E-009 -0.12228501557100961     
   5.2280332704128062E-009 -0.13253837444062652     
   5.2357328775857262E-009 -0.14295327446552092     
   5.2434324847586462E-009 -0.16116140939001755     
   5.2511320919315662E-009 -0.18424990071346445     
   5.2588316991044863E-009 -0.20257462083527861     
   5.2665313062774071E-009 -0.21024078337365990     
   5.2742309134503271E-009 -0.21124483796760318     
   5.2819305206232471E-009 -0.21289188165872058     
   5.2896301277961671E-009 -0.21687232769973483     
   5.2973297349690871E-009 -0.21823945227084054     
   5.3050293421420080E-009 -0.21276684648669053     
   5.3127289493149280E-009 -0.20245126246459880     
   5.3204285564878480E-009 -0.19280118155823842     
   5.3281281636607680E-009 -0.18525810232976905     
   5.3358277708336888E-009 -0.17396997131357994     
   5.3435273780066088E-009 -0.15377838469417376     
   5.3512269851795288E-009 -0.12744797353867607     
   5.3589265923524489E-009 -0.10354132792591655     
   5.3666261995253689E-009  -8.7503275600420066E-002
   5.3743258066982897E-009  -7.5454564668078317E-002
   5.3820254138712097E-009  -5.9128354293600638E-002
   5.3897250210441297E-009  -3.5645512768680776E-002
   5.3974246282170497E-009  -1.2041258599811269E-002
   5.4051242353899697E-009   3.5786230157519028E-003
   5.4128238425628906E-009   1.2585365419871097E-002
   5.4205234497358106E-009   2.3417265897083706E-002
   5.4282230569087306E-009   4.0829772520147550E-002
   5.4359226640816506E-009   5.7669504395091803E-002
   5.4436222712545714E-009   6.1662471339838543E-002
   5.4513218784274914E-009   4.9209397305597979E-002
   5.4590214856004115E-009   3.0234424094806922E-002
   5.4667210927733315E-009   1.7873847841450130E-002
   5.4744206999462515E-009   1.1083631778259717E-002
   5.4821203071191723E-009  -6.4241522115094929E-003
   5.4898199142920923E-009  -4.9187654520636059E-002
   5.4975195214650123E-009 -0.11332446352712922     
   5.5052191286379323E-009 -0.17979895064685414     
   5.5129187358108524E-009 -0.23471632128587150     
   5.5206183429837732E-009 -0.28138114884477983     
   5.5283179501566932E-009 -0.33217408891749889     
   5.5360175573296132E-009 -0.38517357301920019     
   5.5437171645025332E-009 -0.41246988210325020     
   5.5514167716754532E-009 -0.37642606273582890     
   5.5591163788483741E-009 -0.25497474896339667     
   5.5668159860212941E-009  -4.9437640453973142E-002
   5.5745155931942141E-009  0.23393257410855672     
   5.5822152003671341E-009  0.60319961846783121     
   5.5899148075400549E-009   1.0777919747299003     
   5.5976144147129749E-009   1.6680189545419983     
   5.6053140218858949E-009   2.3601294135927966     
   5.6130136290588150E-009   3.1279087721687944     
   5.6207132362317350E-009   3.9601458401121254     
   5.6284128434046558E-009   4.8759762826211173     
   5.6361124505775758E-009   5.9152618428575705     
   5.6438120577504958E-009   7.1226715838405124     
   5.6515116649234158E-009   8.5469260243256642     
   5.6592112720963358E-009   10.250836619922485     
   5.6669108792692567E-009   12.309824113912946     
   5.6746104864421767E-009   14.789487106929116     
   5.6823100936150967E-009   17.725687928446430     
   5.6900097007880167E-009   21.128124761663411     
   5.6977093079609375E-009   25.011956059726870     
   5.7054089151338575E-009   29.430497185937604     
   5.7131085223067776E-009   34.473247103083608     
   5.7208081294796976E-009   40.240127664799545     
   5.7285077366526176E-009   46.811759112039852     
   5.7362073438255384E-009   54.229305671928898     
   5.7439069509984584E-009   62.482983663245903     
   5.7516065581713784E-009   71.496554937892057     
   5.7593061653442984E-009   81.133440424264208     
   5.7670057725172184E-009   91.254639377513058     
   5.7747053796901393E-009   101.81748007119040     
   5.7824049868630593E-009   112.96897287389677     
   5.7901045940359793E-009   125.07741545418790     
   5.7978042012088993E-009   138.67337000577098     
   5.8055038083818201E-009   154.33009470458188     
   5.8132034155547402E-009   172.54667985382707     
   5.8209030227276602E-009   193.65950804603753     
   5.8286026299005802E-009   217.78382928350783     
   5.8363022370735002E-009   244.80381960042359     
   5.8440018442464210E-009   274.41068381549405     
   5.8517014514193410E-009   306.20562422744166     
   5.8594010585922610E-009   339.92563881116939     
   5.8671006657651810E-009   375.74867353488122     
   5.8748002729381011E-009   414.62917498924253     
   5.8824998801110219E-009   458.61022359795544     
   5.8901994872839419E-009   510.86552391128390     
   5.8978990944568619E-009   575.43655038267207     
   5.9055987016297819E-009   656.70836674446093     
   5.9132983088027028E-009   758.58290434800767     
   5.9209979159756228E-009   883.79180191571322     
   5.9286975231485428E-009   1033.5042997418086     
   5.9363971303214628E-009   1207.2345156676008     
   5.9440967374943828E-009   1403.4823381199778     
   5.9517963446673036E-009   1620.6361450830123     
   5.9594959518402236E-009   1857.9127344013334     
   5.9671955590131436E-009   2116.4622542771444     
   5.9748951661860637E-009   2399.7120940478067     
   5.9825947733589837E-009   2713.4200057578755     
   5.9902943805319045E-009   3065.6898198472613     
   5.9979939877048245E-009   3466.1575473698440     
   6.0056935948777445E-009   3925.4963233379249     
   6.0133932020506645E-009   4454.6053855081454     
   6.0210928092235845E-009   5062.8367062389461     
   6.0287924163965054E-009   5756.7195442765988     
   6.0364920235694254E-009   6537.7205108134440     
   6.0441916307423454E-009   7399.7702963521715     
   6.0518912379152654E-009   8328.2513229146025     
   6.0595908450881862E-009   9299.2148365896428     
   6.0672904522611063E-009   10281.296062507283     
   6.0749900594340263E-009   11240.136175892796     
   6.0826896666069463E-009   12142.872557083281     
   6.0903892737798663E-009   12963.264234055550     
   6.0980888809527871E-009   13683.568506223552     
   6.1057884881257071E-009   14292.115779607069     
   6.1134880952986271E-009   14778.013826178947     
   6.1211877024715471E-009   15122.296440869173     
   6.1288873096444672E-009   15290.762152712981     
   6.1365869168173880E-009   15230.701476052120     
   6.1442865239903080E-009   14873.117173997816     
   6.1519861311632280E-009   14143.221623191515     
   6.1596857383361480E-009   12973.395432385259     
   6.1673853455090689E-009   11317.028434936041     
   6.1750849526819889E-009   9157.9311025174538     
   6.1827845598549089E-009   6507.3895418461252     
   6.1904841670278289E-009   3393.2079595679661     
   6.1981837742007489E-009  -161.91561834146523     
   6.2058833813736697E-009  -4166.1715189811875     
   6.2135829885465897E-009  -8673.8688851479328     
   6.2212825957195097E-009  -13792.068319303380     
   6.2289822028924298E-009  -19669.124752658379     
   6.2366818100653498E-009  -26468.136402864067     
   6.2443814172382706E-009  -34346.030406544742     
   6.2520810244111906E-009  -43436.955855079010     
   6.2597806315841106E-009  -53853.814530545234     
   6.2674802387570306E-009  -65708.321032005289     
   6.2751798459299515E-009  -79117.850430625345     
   6.2828794531028715E-009  -94194.374030342238     
   6.2905790602757915E-009  -110995.75388776677     
   6.2982786674487115E-009  -129435.71728830646     
   6.3059782746216315E-009  -149203.54254570053     
   6.3136778817945523E-009  -169720.86147942443     
   6.3213774889674723E-009  -190181.93000383617     
   6.3290770961403924E-009  -209705.66538393026     
   6.3367767033133124E-009  -227546.71207253516     
   6.3444763104862324E-009  -243318.75646188195     
   6.3521759176591532E-009  -257137.02812381982     
   6.3598755248320732E-009  -269593.97733123845     
   6.3675751320049932E-009  -281573.01981802227     
   6.3752747391779132E-009  -293911.26505158748     
   6.3829743463508332E-009  -307024.61901380197     
   6.3906739535237541E-009  -320630.96715184051     
   6.3983735606966741E-009  -333641.44425422745     
   6.4060731678695941E-009  -344324.84895392461     
   6.4137727750425141E-009  -350694.93127665343     
   6.4214723822154349E-009  -351024.83897121891     
   6.4291719893883550E-009  -344417.21867997403     
   6.4368715965612750E-009  -331195.25430828671     
   6.4445712037341950E-009  -313031.14057326340     
   6.4522708109071150E-009  -292736.03173250373     
   6.4599704180800358E-009  -273596.19409287506     
   6.4676700252529558E-009  -258499.35277696402     
   6.4753696324258758E-009  -249029.40704941138     
   6.4830692395987958E-009  -244836.61360399815     
   6.4907688467717159E-009  -243796.08081194639     
   6.4984684539446367E-009  -242905.38284480202     
   6.5061680611175567E-009  -239796.92236564192     
   6.5138676682904767E-009  -234416.58693765919     
   6.5215672754633967E-009  -229845.81747250701     
   6.5292668826363176E-009  -231953.65820035589     
   6.5369664898092376E-009  -247809.97070124652     
   6.5446660969821576E-009  -283270.73908982717     
   6.5523657041550776E-009  -341246.35054627527     
   6.5600653113279976E-009  -421402.78726387431     
   6.5677649185009184E-009  -521576.98178446956     
   6.5754645256738384E-009  -640606.89453259297     
   6.5831641328467585E-009  -780597.95644976012     
   6.5908637400196785E-009  -947311.84341806080     
   6.5985633471925985E-009  -1148094.4445947905     
   6.6062629543655193E-009  -1387537.7446139073     
   6.6139625615384393E-009  -1663339.5919500343     
   6.6216621687113593E-009  -1964493.1300100214     
   6.6293617758842793E-009  -2273165.5753997178     
   6.6370613830572002E-009  -2570460.2930319291     
   6.6447609902301202E-009  -2843361.4445149279     
   6.6524605974030402E-009  -3089929.0324189733     
   6.6601602045759602E-009  -3320039.2779745045     
   6.6678598117488802E-009  -3550495.9256275035     
   6.6755594189218010E-009  -3796817.1823858833     
   6.6832590260947211E-009  -4064792.0085167396     
   6.6909586332676411E-009  -4345748.9089691145     
   6.6986582404405611E-009  -4617878.0798802152     
   6.7063578476134811E-009  -4852187.5373526961     
   6.7140574547864019E-009  -5020773.9091046182     
   6.7217570619593219E-009  -5103385.0387770887     
   6.7294566691322419E-009  -5089897.4841950871     
   6.7371562763051619E-009  -4979883.7747074775     
   6.7448558834780820E-009  -4780501.9850356374     
   6.7525554906510028E-009  -4505160.6511148326     
   6.7602550978239228E-009  -4172858.0198307065     
   6.7679547049968428E-009  -3804944.3205779959     
   6.7756543121697628E-009  -3418196.5685015758     
   6.7833539193426837E-009  -3014600.5559993442     
   6.7910535265156037E-009  -2573306.1849343735     
   6.7987531336885237E-009  -2053426.7808063678     
   6.8064527408614437E-009  -1410546.5054154482     
   6.8141523480343637E-009  -622937.40549623454     
   6.8218519552072845E-009   285518.76654190896     
   6.8295515623802045E-009   1242631.2769400370     
   6.8372511695531245E-009   2151759.0677556451     
   6.8449507767260446E-009   2934154.4359096526     
   6.8526503838989646E-009   3568429.6572377547     
   6.8603499910718854E-009   4101278.3791424567     
   6.8680495982448054E-009   4619438.9174538990     
   6.8757492054177254E-009   5195345.4409022415     
   6.8834488125906454E-009   5835585.7605818044     
   6.8911484197635663E-009   6465230.5335865691     
   6.8988480269364863E-009   6960217.7406974277     
   6.9065476341094063E-009   7211520.5081651583     
   6.9142472412823263E-009   7186416.1383273676     
   6.9219468484552463E-009   6949480.3822578201     
   6.9296464556281671E-009   6630207.1087867776     
   6.9373460628010871E-009   6354427.6085788272     
   6.9450456699740072E-009   6175513.6774437930     
   6.9527452771469272E-009   6044347.1566925142     
   6.9604448843198472E-009   5833498.0083177239     
   6.9681444914927680E-009   5403505.9085764512     
   6.9758440986656880E-009   4679137.0024200827     
   6.9835437058386080E-009   3695955.4861512100     
   6.9912433130115280E-009   2594398.2656070269     
   6.9989429201844489E-009   1561027.8808751246     
   7.0066425273573689E-009   742674.12977692741     
   7.0143421345302889E-009   177030.14180098381     
   7.0220417417032089E-009  -223301.44848055020     
   7.0297413488761289E-009  -617280.65582928294     
   7.0374409560490497E-009  -1136828.5048412224     
   7.0451405632219698E-009  -1799950.6758894823     
   7.0528401703948898E-009  -2491138.4459429728     
   7.0605397775678098E-009  -3031738.1725842366     
   7.0682393847407298E-009  -3299986.2459726096     
   7.0759389919136506E-009  -3317852.9753020732     
   7.0836385990865706E-009  -3235751.3420688165     
   7.0913382062594906E-009  -3212803.1595698800     
   7.0990378134324107E-009  -3276358.9332235735     
   7.1067374206053307E-009  -3275148.8136618724     
   7.1144370277782515E-009  -2983392.7699683895     
   7.1221366349511715E-009  -2295755.6227599629     
   7.1298362421240915E-009  -1362468.6379771554     
   7.1375358492970115E-009  -536353.05737183127     
   7.1452354564699324E-009  -135108.51030458510     
   7.1529350636428524E-009  -181267.17278117291     
   7.1606346708157724E-009  -331469.36113641504     
   7.1683342779886924E-009  -86448.233855179977     
   7.1760338851616124E-009   839038.02001933614     
   7.1837334923345332E-009   2258194.4308926910     
   7.1914330995074532E-009   3584146.6139144106     
   7.1991327066803733E-009   4214913.1371988971     
   7.2068323138532933E-009   3967286.1065949248     
   7.2145319210262133E-009   3230769.0083802035     
   7.2222315281991341E-009   2707474.9008796467     
   7.2299311353720541E-009   2912718.6866048286     
   7.2376307425449741E-009   3802318.8942517824     
   7.2453303497178941E-009   4807261.1838254398     
   7.2530299568908150E-009   5249618.6020335695     
   7.2607295640637350E-009   4828040.4993794793     
   7.2684291712366550E-009   3812110.2067000847     
   7.2761287784095750E-009   2816965.7575367410     
   7.2838283855824950E-009   2349475.4335998734     
   7.2915279927554158E-009   2474416.0893629193     
   7.2992275999283359E-009   2834462.6502143126     
   7.3069272071012559E-009   2965222.4733382319     
   7.3146268142741759E-009   2632886.4190941756     
   7.3223264214470959E-009   1942486.7834099880     
   7.3300260286200167E-009   1178697.0092834113     
   7.3377256357929367E-009   563965.51204476343     
   7.3454252429658567E-009   148711.84352988855     
   7.3531248501387767E-009  -111492.57792201731     
   7.3608244573116976E-009  -226385.92236612609     
   7.3685240644846176E-009  -161220.35960057657     
   7.3762236716575376E-009   36749.602914235904     
   7.3839232788304576E-009   139052.59244554793     
   7.3916228860033776E-009  -156240.83508590341     
   7.3993224931762985E-009  -933210.24213417713     
   7.4070221003492185E-009  -1847863.9133645226     
   7.4147217075221385E-009  -2274237.4925723202     
   7.4224213146950585E-009  -1796412.2658245203     
   7.4301209218679785E-009  -664419.95055347856     
   7.4378205290408993E-009   252630.62326208394     
   7.4455201362138193E-009   110659.21865171479     
   7.4532197433867393E-009  -1136671.2682556654     
   7.4609193505596602E-009  -2545913.1914233770     
   7.4686189577325794E-009  -2876586.5227625929     
   7.4763185649055002E-009  -1682605.4914751479     
   7.4840181720784194E-009   159852.26379245857     
   7.4917177792513402E-009   1081942.5553062335     
   7.4994173864242611E-009   190318.00384664960     
   7.5071169935971802E-009  -1818079.4435517951     
   7.5148166007701011E-009  -3126728.4867168549     
   7.5225162079430203E-009  -2384801.8377000578     
   7.5302158151159411E-009  -29169.058546573156     
   7.5379154222888619E-009   1947624.7945315100     
   7.5456150294617811E-009   1728060.0739307448     
   7.5533146366347019E-009  -603113.67769343429     
   7.5610142438076228E-009  -2980391.4049940137     
   7.5687138509805420E-009  -3140863.2161562191     
   7.5764134581534628E-009  -720545.91112948023     
   7.5841130653263820E-009   2297795.0776756550     
   7.5918126724993028E-009   3302421.3352894811     
   7.5995122796722237E-009   1428428.2354672938     
   7.6072118868451428E-009  -1603167.8093541651     
   7.6149114940180637E-009  -3005888.7656317232     
   7.6226111011909829E-009  -1437142.9037248492     
   7.6303107083639037E-009   1811035.4077931666     
   7.6380103155368245E-009   4020759.3935933141     
   7.6457099227097437E-009   3504433.8294508182     
   7.6534095298826646E-009   1038259.7384717886     
   7.6611091370555837E-009  -968721.69915015856     
   7.6688087442285046E-009  -684905.06665792887     
   7.6765083514014254E-009   1625660.7798468494     
   7.6842079585743446E-009   4052882.9481858891     
   7.6919075657472654E-009   4849208.2091694418     
   7.6996071729201846E-009   3860195.4270212287     
   7.7073067800931054E-009   2411301.6593068750     
   7.7150063872660263E-009   2001631.6006287248     
   7.7227059944389455E-009   3104513.3258742401     
   7.7304056016118663E-009   5014270.7084575379     
   7.7381052087847855E-009   6610083.4777830243     
   7.7458048159577063E-009   7232873.3775274418     
   7.7535044231306272E-009   7031655.4403745364     
   7.7612040303035463E-009   6708436.3469630834     
   7.7689036374764672E-009   6962972.5666179620     
   7.7766032446493880E-009   7977242.1465434637     
   7.7843028518223072E-009   9225762.3861032315     
   7.7920024589952280E-009   9799001.0277627707     
   7.7997020661681472E-009   9123921.9689218458     
   7.8074016733410680E-009   7530289.8231350686     
   7.8151012805139889E-009   6021213.9943959899     
   7.8228008876869081E-009   5264353.7155914288     
   7.8305004948598289E-009   4742435.5576565098     
   7.8382001020327481E-009   3087624.2500683740     
   7.8458997092056689E-009  -509839.37325555272     
   7.8535993163785898E-009  -5268434.9613875635     
   7.8612989235515089E-009  -9523474.6697802339     
   7.8689985307244298E-009  -12718540.609987602     
   7.8766981378973490E-009  -16534882.437531132     
   7.8843977450702698E-009  -23562727.083090622     
   7.8920973522431906E-009  -34537823.314004384     
   7.8997969594161098E-009  -47155710.215308629     
   7.9074965665890306E-009  -58214620.967946678     
   7.9151961737619498E-009  -67214556.374966815     
   7.9228957809348707E-009  -77477035.363618553     
   7.9305953881077915E-009  -93047479.670218408     
   7.9382949952807107E-009  -114313244.17959076     
   7.9459946024536315E-009  -137260728.14188501     
   7.9536942096265507E-009  -157795137.98468399     
   7.9613938167994715E-009  -176876705.72123563     
   7.9690934239723924E-009  -200626320.10829341     
   7.9767930311453116E-009  -234545130.11642128     
   7.9844926383182324E-009  -277655313.06449372     
   7.9921922454911516E-009  -323137181.86930948     
   7.9998918526640724E-009  -365424369.24304557     
   8.0075914598369932E-009  -406345548.02821106     
   8.0152910670099124E-009  -453239950.12143278     
   8.0229906741828333E-009  -510500586.46623731     
   8.0306902813557541E-009  -573522920.42350757     
   8.0383898885286733E-009  -632142810.45705545     
   8.0460894957015941E-009  -680560453.48622489     
   8.0537891028745133E-009  -723185140.53553343     
   8.0614887100474341E-009  -769946220.33209205     
   8.0691883172203550E-009  -826012914.82401001     
   8.0768879243932742E-009  -887223233.88092446     
   8.0845875315661950E-009  -946637396.40278292     
   8.0922871387391142E-009  -1004998541.6639197     
   8.0999867459120350E-009  -1073239875.1723969     
   8.1076863530849559E-009  -1163900931.8876140     
   8.1153859602578750E-009  -1280430010.7707453     
   8.1230855674307959E-009  -1416228900.5005262     
   8.1307851746037151E-009  -1564721669.9834681     
   8.1384847817766359E-009  -1729580714.6929977     
   8.1461843889495567E-009  -1924945759.4236503     
   8.1538839961224759E-009  -2166628856.2347674     
   8.1615836032953967E-009  -2464927244.6298280     
   8.1692832104683159E-009  -2826981996.9280567     
   8.1769828176412368E-009  -3264107627.6972380     
   8.1846824248141576E-009  -3793685340.1373348     
   8.1923820319870768E-009  -4431737458.0583706     
   8.2000816391599976E-009  -5183202808.2371836     
   8.2077812463329168E-009  -6040675192.7735415     
   8.2154808535058376E-009  -6993042630.3136330     
   8.2231804606787585E-009  -8035777197.3735065     
   8.2308800678516777E-009  -9175224997.4861279     
   8.2385796750245985E-009  -10426927632.158606     
   8.2462792821975193E-009  -11814950223.436352     
   8.2539788893704385E-009  -13374749472.945135     
   8.2616784965433593E-009  -15153839125.564196     
   8.2693781037162785E-009  -17205020543.502312     
   8.2770777108891994E-009  -19572814730.571804     
   8.2847773180621202E-009  -22281778677.768753     
   8.2924769252350394E-009  -25333588219.459278     
   8.3001765324079602E-009  -28708450606.570766     
   8.3078761395808794E-009  -32364615279.703705     
   8.3155757467538002E-009  -36233155622.200249     
   8.3232753539267211E-009  -40211951726.264984     
   8.3309749610996403E-009  -44167863020.015953     
   8.3386745682725611E-009  -47946402328.889626     
   8.3463741754454803E-009  -51385656279.251541     
   8.3540737826184011E-009  -54335817807.237137     
   8.3617733897913219E-009  -56683662576.608704     
   8.3694729969642411E-009  -58382025087.439728     
   8.3771726041371620E-009  -59471215059.339149     
   8.3848722113100811E-009  -60068816209.197487     
   8.3925718184830020E-009  -60322055981.663460     
   8.4002714256559228E-009  -60332926783.825424     
   8.4079710328288420E-009  -60083733122.324226     
   8.4156706400017628E-009  -59397883613.947952     
   8.4233702471746820E-009  -57948458281.881248     
   8.4310698543476029E-009  -55318786219.477676     
   8.4387694615205237E-009  -51109664635.765511     
   8.4464690686934429E-009  -45067351635.683220     
   8.4541686758663637E-009  -37199075746.554123     
   8.4618682830392829E-009  -27823598075.247993     
   8.4695678902122037E-009  -17514784969.777550     
   8.4772674973851246E-009  -6942996480.4771652     
   8.4849671045580437E-009   3344463080.9154282     
   8.4926667117309646E-009   13124998703.853485     
   8.5003663189038854E-009   22616717355.920425     
   8.5080659260768046E-009   32476904204.351768     
   8.5157655332497254E-009   43663036382.182785     
   8.5234651404226446E-009   57175797167.450851     
   8.5311647475955655E-009   73723059294.515839     
   8.5388643547684863E-009   93378584940.231049     
   8.5465639619414055E-009   115367437421.15102     
   8.5542635691143263E-009   138068947229.04895     
   8.5619631762872455E-009   159264221710.84064     
   8.5696627834601663E-009   176559554512.57135     
   8.5773623906330872E-009   187812518885.48886     
   8.5850619978060063E-009   191428483972.04498     
   8.5927616049789272E-009   186448967988.49503     
   8.6004612121518464E-009   172437921524.19763     
   8.6081608193247672E-009   149305726802.93622     
   8.6158604264976880E-009   117220327178.54407     
   8.6235600336706072E-009   76761960009.522400     
   8.6312596408435281E-009   29372843141.089844     
   8.6389592480164472E-009  -22130599221.156494     
   8.6466588551893681E-009  -73368816187.562622     
   8.6543584623622889E-009  -118951410897.52820     
   8.6620580695352081E-009  -153928630215.38855     
   8.6697576767081289E-009  -175713007665.48877     
   8.6774572838810481E-009  -185644735129.33606     
   8.6851568910539690E-009  -189256277613.10913     
   8.6928564982268898E-009  -194616475015.30872     
   8.7005561053998090E-009  -208968021787.72253     
   8.7082557125727298E-009  -234647246624.68970     
   8.7159553197456490E-009  -265845494405.04138     
   8.7236549269185698E-009  -287814242138.86108     
   8.7313545340914907E-009  -279318716915.18640     
   8.7390541412644098E-009  -217982957020.75073     
   8.7467537484373307E-009  -86862282300.488586     
   8.7544533556102515E-009   120191412430.32779     
   8.7621529627831707E-009   396466055080.52539     
   8.7698525699560915E-009   724711550251.83569     
   8.7775521771290107E-009   1083330991202.1692     
   8.7852517843019316E-009   1454540761424.5452     
   8.7929513914748524E-009   1832069616101.5974     
   8.8006509986477716E-009   2225889894430.7026     
   8.8083506058206924E-009   2662316281709.7310     
   8.8160502129936116E-009   3179061069439.1162     
   8.8237498201665324E-009   3815981057483.2949     
   8.8314494273394533E-009   4603688209409.6094     
   8.8391490345123724E-009   5552989229304.6953     
   8.8468486416852933E-009   6648357922987.0352     
   8.8545482488582125E-009   7848291502106.6494     
   8.8622478560311333E-009   9093512320784.5273     
   8.8699474632040541E-009   10321343018519.023     
   8.8776470703769733E-009   11481534405946.121     
   8.8853466775498942E-009   12546739074144.332     
   8.8930462847228133E-009   13512041055291.484     
   8.9007458918957342E-009   14382320362215.883     
   8.9084454990686550E-009   15152895024541.393     
   8.9161451062415742E-009   15794571398086.014     
   8.9238447134144950E-009   16254380630731.463     
   8.9315443205874142E-009   16476752024870.422     
   8.9392439277603350E-009   16438057956920.469     
   8.9469435349332559E-009   16176007189357.516     
   8.9546431421061751E-009   15792340600491.889     
   8.9623427492790959E-009   15416503652943.566     
   8.9700423564520167E-009   15137795437460.762     
   8.9777419636249359E-009   14934994256249.100     
   8.9854415707978568E-009   14642378016373.029     
   8.9931411779707759E-009   13981353789697.014     
   9.0008407851436968E-009   12658386225062.234     
   9.0085403923166176E-009   10494796518102.252     
   9.0162399994895368E-009   7531483635577.8809     
   9.0239396066624576E-009   4054791038268.2036     
   9.0316392138353768E-009   520915721482.12500     
   9.0393388210082976E-009  -2597582299265.2207     
   9.0470384281812185E-009  -4982204176711.9678     
   9.0547380353541377E-009  -6583809266091.2783     
   9.0624376425270585E-009  -7633083422011.0879     
   9.0701372496999777E-009  -8542273856526.1729     
   9.0778368568728985E-009  -9739219775019.7910     
   9.0855364640458194E-009  -11499646934644.320     
   9.0932360712187385E-009  -13838091674683.775     
   9.1009356783916594E-009  -16487291360940.002     
   9.1086352855645786E-009  -18960514214085.992     
   9.1163348927374994E-009  -20667060159713.438     
   9.1240344999104202E-009  -21046819470247.879     
   9.1317341070833394E-009  -19699474591672.617     
   9.1394337142562603E-009  -16491868855662.637     
   9.1471333214291794E-009  -11624187949258.156     
   9.1548329286021003E-009  -5623476007314.3711     
   9.1625325357750211E-009   769753491960.31250     
   9.1702321429479403E-009   6828395152841.6484     
   9.1779317501208611E-009   12125336349379.480     
   9.1856313572937803E-009   16757350231146.859     
   9.1933309644667011E-009   21358718642540.234     
   9.2010305716396220E-009   26820020710541.953     
   9.2087301788125412E-009   33777387455796.758     
   9.2164297859854620E-009   42108851600010.836     
   9.2241293931583828E-009   50754244558192.961     
   9.2318290003313020E-009   58072424129687.484     
